1001001100001010
0100011001001000
1110111110100111
1000100001100100
0000001110101101
1010011011101101
0100101111010101
1010100010000000
1000111110110101
0100100011011100
1010110001011001
0001000110000000
1011010011010100
1000100110000100
0011001111100111
0000000100110001
0011011001110010
1000110110100000
0111111111011100
0101000011000001
0010011001101110
0001011001010011
1010111101001110
0111110101101111
0010011110011010
0011011101000100
0010100001001101
1001001100111110
1010001001010001
1000011111010010
0001010001011011
1100111000000101
0010101011011010
1000111100000000
0000000001111001
0110010110001110
0001111000010101
0010110101011100
1011011101101110
0001001011111001
1001000011000111
0110101100011110
1110111100110100
0111111011001110
0001001000000100
0100100001101110
1110001110101110
1010011100110101
1001010000010000
0110100110100000
1100101001010000
0011010100101111
0110100011111010
1101011101000111
0010000000000001
1110011111011100
0110111001110010
0000101000000010
0100000010101001
1010100001010011
0000101001100101
0111011101000101
1111011000010001
1000000111001100
1010011001010111
1010110001010111
0010111110111000
1101101000000000
1001100001111010
0100010001110011
0001101011111100
1000011000001000
0100000100000101
1110011101111110
1110100000101010
0111001100010111
1000101001101111
0111010111101001
0011010011011000
0000111011111001
1101101110101110
1011001010101011
0000100001000110
1100011001110011
0100011001011011
1111101000011111
0111011110010100
1111100100111110
0011010101011101
1101110010111000
0001111101101011
0001100101111010
1110011001111100
0100010011011100
0011101110110010
0101001010011101
1010110101111101
0000110110001100
1000101100011110
1111000000101010
1011011101011101
0011101010011011
0011001100010111
0010101011100101
0000001101000001
1110101010110010
0110111101000000
0100001010001000
0101111100000101
1111110010010111
0110111101001001
0010011110100010
0100101001110101
1101000110111001
0110000000001000
1111010101100100
0110111110101000
0000100110100001
1000011101111100
1100100111100001
1000111101111010
1001001101000111
0101101010000010
0011010101010111
0111001110110011
0010000010000101
0101000011100111
0101011110110011
0010100011000100
0010101011011011
1100011111011010
0100011110001101
0001000001110000
0111010100011010
0111011010000110
0100110001100011
0101001001001000
0100111110000100
1010101110001110
1010011100010000
0001001000110111
1100101010010011
0110011001000101
1001001101100010
1101001110011110
1111111110000101
0100001001000100
1111110110001000
0101111010111101
1101000111100010
1010010000001000
0010101011101010
1100100101000010
0000010000000100
0100011010001110
0111010100001011
0000010000010001
0011100010100100
0110010011111011
1101000000010111
0010110000101110
1001100111110001
0111011010101011
0100000110000001
0011100110110100
0111001001111001
0000001111000011
0000010101000000
0001101001111111
1101011100100100
1101100001001101
0100111010101000
1011100001001100
0001111011110000
0010001000010101
1001011001100010
1110001001111111
1011001101111101
1010110100010111
1101010000111010
1111110110110001
0001110001110110
0010110000111111
0100110111101111
0001100011101010
0010011100001001
0101010101011111
0110011001000010
0000001001000000
0011100101011101
1111100000101100
1011110001001000
1101110100101000
0110011111100001
0100100100011010
1011011101010011
1101001010111011
0101101101000100
0111111110110101
1000010111100011
1100111111011101
1011110010100000
0101001010000100
1101110101100110
0001001010011111
1101011001000100
1111010001001010
1101101111000110
1111000110010110
0010111110101111
1001001110010111
1111101101010011
0001101101001010
1110101111101100
0111101111100011
1110101101110100
0000100001001011
0010000110011001
0011111110001100
0100000000100011
0011011100000000
0111101100001011
0111011101100000
1101001000111100
0101111011111000
1101100000000100
1101100101001000
1001001100101000
1101110001111100
0101011010111101
0011011110010101
1000000100001100
1001000110101110
1110100100101100
1000111010110100
0111000010101010
1011100100001011
0100111110101000
0111100110110011
1011110010011100
1110001100110111
0001101111110001
1000101100111111
1011001100010111
1001000100011110
1101001101101110
1101101101011100
0101010110011110
0110010010011100
1100100101100110
1010111000101011
0011101001010100
1001111110000011
1001101011001000
0011111111010001
0100100111111101
0000011001010101
0101100101110110
0111011010001001
1000111001010010
1001001000011101
0010011111000111
1010010101100001
1011011111101111
0101110111101111
0110001001100011
1001100010100000
0101010000100011
0101101100111101
1010001000100101
1110111010011110
1100100000001011
0100111000110111
0111100001000001
1001100001101100
0100010001101101
1100100101111001
1101010000111001
0011000100101010
0001110100001101
1100010000110111
0010110000101111
1000010010001100
1010101111110001
0000010101111001
0010100101110011
1000001000000111
0111110101011111
1101000011011011
0110010111110100
1100010011001100
1110110001110101
0111001001110110
0000111001100010
1001100101101000
1100110111010011
0111011001111101
0111111100011010
1000111111100000
1111101101100010
0010101000010110
1100100111010110
0001100110101000
1101000000011111
0101011111011111
1011011011110101
1000000111110000
1011010100000011
1110000111000010
0001000010111100
0001001011110001
1111110101101010
1000000000111111
0010100100001101
0101101010110000
0001001111010101
1101000101010000
0010010110000101
0110000011100001
0110111110011111
0000101111111100
1001001110101100
1110011101000101
0000111111011101
0100111111101101
1101111100000101
0100000010011101
0000011111111011
0001010100110011
0110111111100010
1100001110110111
1101100100011110
0000100101000111
0010011001001111
0011010110000100
1100101011001101
0100000011001001
0010101011010110
1011101101111100
1110101100111111
1110010001111110
0010100110011000
0111111001111000
1011010010010101
0001011011000011
0100011111011111
1000101000111010
0000010110001111
0011011000111111
1011010000101011
0100010100001100
0111101110010000
0001110110011111
0010111110001011
0111001001001010
1001011000000100
1000000001010011
0000101101111100
0010100100001100
1001001000110101
1110000000001010
0100000000001000
1110100110100111
1000010010100010
1001110101111100
0010010001111110
1100101100100110
1000110100111011
1101011111101111
0011100010001101
1011000101101011
0110100000010100
1000110010110010
1101100111100011
1010111011111111
0111000100000110
0110110000101010
0111101100100001
1011111010001011
1110100010000010
0000001001010111
0011110110011011
1001100110010111
1000011000111111
0001111111101001
0101111111000001
1110101100010011
0000110100101011
1100100001010111
0001001000100100
1000001000000111
0100011101011111
0000100001001110
1001111111001110
0101000011100000
1000101010010001
0111011110001001
1000100110000000
1101111001010011
0101111100110100
0010010111001100
0010001101101111
0001101011001000
1001110000111010
0011011101001110
1010100010110110
0010110100110111
0011000101110000
1000111011010011
0110001010000000
0000110111100001
0111001100110001
0010111010010011
1011011111001001
1010000000101000
0110001001100100
0001100101101100
0101001000010101
0101111100110101
0110000000000101
1110100000001101
0000000000010100
0111100101011110
0000010101101111
0111000111100110
0000101111011110
0000001101111010
1111000010001100
0110000010111001
1101011111011011
1001000101110111
1111011010110100
0110001101011100
0001111101110110
1000110011000011
0010101011111110
1011010111011010
0111100011100010
1110111110111101
1001011100001101
1001010010011000
1010110100011010
0001111111110001
1101110111010110
1011111010110101
1010111001010101
0101111110011010
1011101001110001
1110010000010011
0101100101000001
0101101011110010
0011110001000010
0010101101110010
1000100000111110
0010100001001010
1010100101010011
0000010010000011
0010010011001110
1010001010101101
1110001011001111
1100110101100111
1101110001000100
0100110100111101
0000100010111000
1110011011111101
0010001000111000
0101010110000001
1101001011101111
1011100111010100
0110100000010010
1111000010110111
0001010110111000
0111101000010001
1110010111101110
0110010101000001
1000010000101001
1100100110000000
1001011011000001
1011011100111000
1111001010101001
0111101000111010
1011100000001001
0110001100100000
1101110010001001
0000111110011101
1100010010010000
0101100000111100
0110110110010110
1110010111101110
0001100000110111
1110101001100010
1101100110101010
0111100101100101
1011010001100110
1001111000010110
0111100111111101
1110011011110011
1100010100101110
0110000011000011
1111100010110111
0011000000111110
0001100011101111
0001110100001010
1011110010110000
0011111001011011
1100011110101111
0110101000101100
1001110111111001
1101000101100101
0101110001101100
0110001011100101
0001101100010101
0010011011111010
0011100010100010
1111010110000011
1010011011010100
1111101110000000
0110010010110111
0110100001111010
1000100100101100
1101111011101011
1001000111100010
1010110111010011
1100111001010001
0100010100101001
0000010000010101
1101010100011111
0110101011001100
0111110110010011
1010100010000100
0111110100101111
0000110010111100
0101011111000110
1101100001011000
0100111001001110
1010111111010100
1001001000001011
0011001011111110
0010100000011000
1110010010101101
0010110010001010
1010010000100100
0001010011100001
1000000001101000
0100010100011010
1011100110110101
1001110001000101
0011010001110000
0001100010111000
1001110101000010
0100010001000001
1111101111000000
1011110000001111
0011100010011010
1010110101001111
1110101010110000
0100110111001011
0110101111010111
1001101001101100
1100001001011000
0001111111111100
0101100010100011
0010111110100000
1001100110010101
1101010110010110
1000111110100100
0110100101100101
1001110000001110
1011100110110111
0010100011101000
1110010001100001
0111111000011110
1101001001000100
1110111000000100
1111001100111100
0111011011100110
0011010100110000
1101000100011011
1101001110001000
1110110111101011
0100011010101001
1100001001100000
1100010101000101
0001111111110110
1100110111001001
1000001101110011
1100100101111101
0111010011100001
0100110001111110
0111100011000110
1001100111011011
0101000000111110
1111111101110000
1100010110100111
0101010111010101
1110001110110101
0101000001010101
0011100101001101
0011010101100101
1011001101110100
0001100100000111
0001110001110001
1101011100101101
0101001100110010
0100100011100110
0011000110011000
1111011110000111
1110011010101101
1110101101111110
0111100000011111
0011100110111001
0001011001011111
0001001010110000
1100101010001011
0001010000011010
0111100111011011
1010101010011010
0010100111100100
0111101101101111
1110001000011101
1101010000000111
1010101000101000
0110001101111101
1110000110101101
1010010011101101
1001001101110100
1111010111010010
1001111111000110
1101110011111010
0011011110101010
0101001101011000
0101100000001110
0111100101101101
0000001110101010
0110000111001000
0101000111111110
1110000110010000
1000110010010100
1100101101000111
0111000000100110
0011111110010100
0011101001001000
0001111111100010
1001111000101011
1000000001101110
0010010000001100
0110011001111010
0011011011101111
0111100110000010
0001111110010011
1100100010101100
1101110011111010
0100111110010001
1110100100101010
0001000100110100
1110010010000000
0010010011011010
0111110010100010
0111001010101010
1001010011000110
0000001010111001
0000001001101011
1011101101001011
1100100100100100
0000111110100011
1011111011011000
0110011110110101
1000011011011000
0111010011100011
1011001100110100
0010100101010100
1100111100001101
0101100000011011
1100100010100100
0001011000110100
0010001001001110
1011011111111100
0001001111000111
0000110101000001
0111010010010000
1001110101011010
1111000000010110
0011011110110011
0011100010000011
1000000110100101
0011110111011111
0100011001111111
1110110110111000
0110000110110000
1010011111010000
0000010001101111
1110001100111011
0000011101100001
0011110101001110
0111100011001111
0100110100110111
1110011101100000
1101110000000101
0010110001100001
1000011000101100
1001011101010110
0100100011001110
0100110011101100
1111001000101110
1101101000110101
0110111111110000
1110010111010100
1101011110000101
1011111111000010
1001101111011111
0110000010000001
1111111110011001
0100010111011010
1011101110110101
0001101010010000
1111110010100110
1011101111110010
0011101000110001
0110000101100000
1101000110111001
0100000110100011
1111011010010001
1011100011001001
0000000111011010
0011110011101111
0111001111000101
1100111101010110
0110111101111010
1111001110001110
1011000100011101
0001111111111101
0011100001001000
1110001100101100
1101001101011101
0011100101100010
1101000000101111
0001011111001111
0010010011001110
0100001110000110
1010111010101010
1001101000101010
0101100000011011
0011010000011110
0011100101111100
1100010001000010
0111011110111110
1011000111011101
1011101111101100
0100010110011101
1011101110000010
1001001101101111
1111111000011010
0111010100111011
1110110101001101
1010101001110101
0100101100111100
0111101100000001
0101100001111101
0010111000100101
1001011001111100
0100110000110001
1000010011011101
1100000001010011
1011111111010000
1001011011111011
0100000001111011
1010110001011001
1100101011010100
0100110100010101
1100110101111101
1111001001011101
0100001110000010
1001111110111001
1110010000001111
1011100111000010
1111000100111100
1110100110001110
0110101100100101
0111101111110000
1001101111111100
0011100011000011
0000110101110011
0000011100110111
0101110110001111
0100110101000101
0000010110101101
1110100111001000
1010110101011010
1101001100110110
0110010100001111
0101100011011010
0111010100110010
0001011000001010
0101011001110000
0000000110000010
0001000101000101
1111101010110101
0001101000000100
0000111000001111
0111111111010000
0010000101001110
1001100011101000
0101100000001011
0000110111100111
1111000100110111
1101001010010101
0100100010100101
1011010111101111
1011101100110011
1100010111111101
0001000101011110
0000101010011110
0101011011010011
1011010111110011
0011001110100011
1111111110101110
0011001000011001
0101111101011001
1101010100001110
1100110001011110
0011110100111000
0101000101000000
0101101111001101
0011001101111111
0100000001111000
1101010010000111
1010011111100010
1100001100111011
0001111010100000
0100011100111110
1010110000100101
0100101010111100
1011011100110110
1111011110010101
1000101101100111
0001011010011001
1001110111010011
1011000111010110
0110111101010110
0110011010110100
0111100100011110
0101000011000111
1000100000001011
1010010010100011
0110000101010100
0101011011010010
1111100010000100
1011001001000000
1011111010000000
1010000011111011
1001000100110101
1110010000100011
0001100111001001
0111110001011000
0111111011100010
0001010101011100
1000100100100111
1011110010111111
0010011011100101
1111101100011101
1010011110001111
1001000101000111
1101110100100101
1000110000011010
0100010010101110
0011011010011110
1010000001000111
1101101000011010
1100101000110101
0001000100011111
1011110010110100
1101000001110101
1001101101111010
0100100011001010
0010111111100001
0010001110010001
0111001111101101
0100011111111100
1000111110000000
1011101010011011
1101100111001010
1011101111011001
0010010000011101
0011101110111110
0110101111111111
1110101011001010
0000011000100111
1000010111010100
1011110101110001
1010100110010001
0100100011011110
0111000101010111
1100000100001001
1101011111000101
0101100101101001
0110100101111000
0111111100001010
0110101011010000
1111010011001000
1011111000011101
0110100000000110
0000111001011100
0101000100100001
1000101001011011
0111100010010100
0011101010110111
1101110101111111
0010101010000001
0010100001001001
1111110111010110
1011110010100010
1110100000011111
0110101111001010
1011100111101111
0100101010111100
1001000101111101
1011010110000000
0110100001001100
0101101010000000
0101110001101101
0010000000100101
1000101101011001
1111101010010011
1001000001101100
1001110100101110
0010010101100100
1001000110001000
0110111011110101
1110100001010101
1110001000111001
0100111110011100
0010000010011011
1011010110001011
1100111000110010
1110111110111110
0011110010100110
0110111100100111
1101010000011001
1111110001000100
0000011010101010
1101100111010111
0110011110101110
1110011000000001
0000000010101101
1001010010000011
0111111011011001
0110001010011100
0101001001001110
1001000010111101
1101010101001101
1000000000011000
1011110111011111
1011001110100001
0110111010001001
0110011010011011
0000101000011011
1000110000100111
1001110000101100
0010100111011100
1010011010010100
1001011101100011
1011100000010111
0010011001000011
1001110000000010
1100000010001000
1001110001111101
1010101010100100
1001010011110101
0111001101110111
0110011000100010
0000101011111100
0100111010101011
0110001010010101
1000000101101011
0101100100110011
0001000110010101
1111001001111001
1101011100101010
1001000101010001
1011010011011011
0100000011001000
1010010000100010
1100011100010001
1110011100011000
0000100100011001
0001110010111011
0011110100000000
1011110100011010
1001100010101100
1110101110010111
1101101111001100
1001110111110011
0000010111111011
0000011110100000
1000000111011101
0001110100000011
1101001010111110
1001010110101100
0110100100000000
0011000010111110
0011001011110101
0000000110100010
1110001010010111
0111011001010111
0111001011110011
0111010000100111
1000011100111101
1000111010111111
1001111011111111
1111110101000101
0001101111100111
0011111010101010
0110100101110111
1001001010010011
0110110011111100
0100011100010101
0100001001101011
1001001101001101
0010010111010001
0010001101000001
1110111001111000
1100011110110110
1101111101111011
0101110101011111
1101000101111110
1110000010010111
1010011110101010
1111000111010010
1010011001101000
1000110101011000
1101010000101101
1011010111101000
1001011011110011
0001110011101110
0001010001110010
0110001011101110
0100001101100011
1100010111000100
0111001101001100
1001110011011000
0011100100000011
1100110110100111
0011111001011100
1100111000010011
1000011000110011
0000100000000011
0010001100111110
1101011110010011
1110100111111011
0011101000000001
0001100100010000
1011011000011001
1011010110100101
1101010001111111
1111011100000010
0000011010110101
1010111010101001
0000110111000000
1011110111010110
1111111000000010
1001100100110010
1010110101011100
1101001110111001
1110111111000001
1000101101001100
1000011110011011
1110100000000101
1000111000010000
1001011110100100
1101011011000010
1100011010110101
0001100100001100
1100011001101000
1001110001101000
0111010010101001
1111101101101000
1000100111110110
1000010011101001
0100010110111111
1010011010011101
1110001111110110
1010110110111011
0111000100011101
1010111000011101
1011101000000001
1000001001010000
1110010100000101
0110010101011100
1100111010111100
0001110101111111
1100010000011010
1000010011011011
1111000110000011
0101010101111100
0101000111100001
1001101001111000
1111001001111110
0101101011011110
0010100100111100
1000000111100101
0000001000000011
0000011010010111
0111011110110000
0001101010010000
1011100110010000
1011110110001111
0010110101101101
1111011001011011
1011011111110101
0001001010000001
0001111001100100
0110000010110101
0111110110000011
0000011100111100
1010010101000110
1100100110011101
1011110101100110
0111011000111011
1011110000101000
1110010110000101
1111001001101001
1000011011111100
0100111000011110
1110000001110001
1000010100111001
1100101110111011
1001100000010111
0000001000111100
0001110010110101
1111001100000010
1101110110010001
1011101010111001
0000011111000011
0100000110011111
1100000111101001
0001101000111010
1100011011001110
1100100111010001
0011011010111100
0101110000000111
0101010000101000
0010011101111100
0011101111011010
0011000011110101
0111000010001110
1011111110011100
0101100111010010
0111111001000111
0100111100110011
0011001100011110
1001000101010011
1001110111011011
0110110010010101
0100101010101011
0000010010100011
0111110011010110
0011011111001001
1100110010001100
1001101111001001
0010000010001000
0000010111000001
1110001001100111
1101011011110101
1110010000100100
1101100000110110
0010010100111100
1111001001100010
0101101110101110
0111001111000101
1000101001110011
0110001011110101
1101001011111010
0111111011010011
0001101000100000
0110000011000100
1000100110010110
1011011101001001
0101111010110001
1100110100000110
0010000001100101
1000011011011000
1010111110100011
0101010110110100
0011011010111101
0101110100111100
0011010110101011
1010001000110000
0001001001011111
1001111100000111
0101111101001100
1110001100000000
1010011010100010
0000001001010110
1100011111110001
1111111010100011
1101101010010011
1101110010110000
0101011110100100
1010111111110001
0100001011000000
1101100000000110
0010100101011001
1101001001110111
1000001010111010
0010101001111011
1011101000110110
1000101001000001
0100001011001011
0011110100010010
1000111010001010
0101000110110000
0101101000111011
1101000000000100
0010010011100011
1000001100111110
0101111010011111
1100000110110011
1111001000011001
1101011000100100
1010011110000110
0111001110111101
0000010011001101
0011100000101111
1010100101001100
0000100001101001
0001111101100001
1101011011001001
1001110100011001
1000111001111100
0010100101100101
0011000111001101
0110011100011000
1100110110010110
0101111001100011
0111010011011000
1100011101100110
0010101010101010
1000000001001110
0001100111101011
0010110101010011
0000000001001001
1111110000000011
0111010011100100
0000010100010000
1010010100011101
0000000100011010
0101000000011001
0111000001101010
0010110000111110
0100010000101111
1110011110111100
1001110010100110
1001101000101111
0010001000101011
0000010000101101
0111010000100111
0110001111011011
1001000000000100
0010101011010110
1100000010000000
0000111001111011
1110001110000001
1110011010001011
0001000111000011
0111001110101110
1011101000001001
0001110111001101
1001100101101111
1000100000010110
0001011001100110
1010111101110010
1001101011100110
1101011100011000
1110111000111000
0100001010111000
0000111011001111
0010000000100010
1101110100001100
0101000011001001
0111101111011011
1011110101110000
0110110001111010
1110001010101000
0000100000101001
0111111110100010
0101010111011111
0111111011110001
1110110011111101
1110110010000011
0111101110010001
0011111110011111
1010010000111110
1001001011010000
0001100010001010
1010000010001010
0011101010000100
1001011110011001
0010011001111001
0110100010100010
0111111011000101
1101110011001010
0010001111111010
1110001011100000
1110000111110011
1001001111100100
0000000100001110
1100111001001010
0101001101100001
1110111101101001
1000110101011001
1110100111010111
1010010010100100
0011100110100010
0111011110110111
0100001011100010
1010110100110111
1101111111001101
1011011010010001
0101011011111111
0111000000101001
0000001100010100
0000111000010000
1100001111000000
0100101011110010
1001111011111100
1110100011111111
0011011010010111
0010010111001001
1001100011110110
1101110110011111
0110101100001000
0001100000001000
1010001110010101
0111110111010010
1000110011001110
0111011110000011
1100111110101101
0001101101111100
1110001000101110
1001001000110111
0110111011001010
1011000111111011
0001001111011000
0011100101100111
1011101011111111
1010100111010111
0000111111110011
1000101101000111
1010000101001001
1100011101110110
0110001000010111
1011100001111101
1101100110100001
1100101101110110
1001011010100010
1011000110000001
0011010100001010
0110101000101100
0101000110100001
0011000010110011
0011010010010101
0100110011011111
1000100001100110
1111110010101110
0111011110100001
0101011110101100
0000110101010101
1101010000110100
1001110000001001
1101011111010000
1110100111101000
0000100001001111
0100101111100011
0110100100001100
1011001001000001
0001010110000010
0110100110111011
1111000110111110
0110100010001001
1010101101111101
0010010001111111
1101000011100111
0101101000111100
1011111001100110
0110011100010100
0001000000111001
0101101111011111
0100010111100111
1110001011001010
1101101100001101
1101001000110011
0110010111000010
1110001101110001
1100000001010110
0100100101011100
1000111111000110
0110010110111110
1001110010010110
1010100001011011
0000110010011001
1101111101011001
1011011100100111
0010110100111000
1110110001011001
0101110101110001
0011100010001010
1110101111000010
1111111001111110
0000000000110010
1111111110011110
0111111011101000
1000000011010000
1011100000011011
1010100001000001
1001000010110011
1100100100011111
0101001101000001
0001010011100010
1110001110100001
0001101000010000
1001101111110100
1001010001111001
1010101001011010
0011011011100001
1101010100010100
1111001000101001
1111110111111001
0110111010110001
1001010101011110
0111110000100000
1000101100001011
1001101100110111
1010110000110101
0011011101101000
1111011110010011
0011001011011111
1111000010000000
1110100101100101
0010110011011011
0000100100111010
1101000100101111
0100000000110101
0111111101101011
0100011111001001
0000000110111000
0111101000110000
1001001010010001
1010110000100001
0110000011100011
1111101011001101
0101101001111011
1110101100101101
0111011011100011
1100111000000110
0001110000010101
0100100000111000
0000110110100000
1111110001100010
1011000001001010
1001001110110001
0000110111011110
0100111100101010
1000100000010010
1100110111011100
0001011101010101
1011111110100001
1001001000011011
1111001010110100
1000110110110001
0101111111101111
1011101000100011
0011010110000011
1011100111011111
0011100111011000
1001011000110110
1100001010111111
1111010001010110
0001110001011110
0011001011001110
0001000111011000
1111100111111111
0000100100110101
0101110001111100
1100010010111101
0011111011111001
1000001100010101
0010011110010011
0110110111111110
1000010011000110
0101000010011111
0011001011110101
0000100111010001
1001100011001101
0010111111001100
0001100000000101
0111101110100110
1100100010001001
0000010100101100
1001100011001100
1110101111110101
1110100101111110
0101011000000100
1010011100100111
1001100101101010
0110110111111010
0010101001000010
1011000001100000
0001001001001011
1100111010001100
0000110101101001
0110011011010011
0011011000101011
1111111001001010
1111010001100110
0101001011101100
1110101001010000
1101100110001110
1001101011000011
0011001000000111
1101001111001010
1000110100010000
0010111010010110
1011011011011101
1000000101111100
1100110110110010
1100010011100011
1110101000001100
1100111000110011
1101100001110000
1111011011011001
0000000110100100
1100110110001000
1100111011000011
0001011001001100
1010000101001110
0110011000111011
1110010110111100
1001001101100011
0110010110101000
0100011111110110
0111010111111000
1011111101000111
1100110111000011
0000101101111010
1011000110100111
0010111110000010
1100010011111100
0110011010000110
0001011110011110
0010110100110101
0001110111001101
0100010010011010
1100011011010000
1101000011100100
1100010001010001
1100110001110101
1010100101001000
0111111000111100
1001110110010000
1011100111101010
0100111100000100
1100000101001001
0101010010110111
1100111101110100
1111000010011010
1111100100101001
0111010010011010
0011000100110000
1011110001000111
0110101001001011
0101111001100010
1000001001001010
0011111000111010
0001011101111111
1101000110011001
1000001111011101
1011001111100010
0010110100011010
1101011011110100
1001100100000101
1010001010001000
1101101111100010
1011000111100111
0001010001001111
0111011000110011
0000101111100110
0001101111110011
0001001000010001
1111011110011111
1011111011000010
0100011110101010
0100100011001011
1001001011011001
0011010011100010
1010100010001100
0001011111110110
1010100101011100
1000101010111111
1001010100111000
1011001010001100
1010000011011101
0010011001011111
1101110001101010
0100110010100110
1110011101000011
0111111010111001
1001100111001001
0001100001000111
1010011111010110
1000111111100011
0000011101111100
1001000000001111
1011111001010101
1001111011111111
1111001001011010
0010101100001100
1011000110001001
0000000001001111
1101111010111100
1110001010100111
0011011010000110
1101101011101010
1100100110100101
1001000010011111
0010010101000110
0100100101111001
0011101111101101
1100000011100010
1000111110001010
1100000001101001
0000101001000100
0111000001011101
1110010001010101
0011111000111111
1010001000010100
1101000001101000
0101111001001000
1111011001101010
1001001000010001
1011011000010000
1101101001011110
1111010011110101
1100011000110111
0110100100100000
1011001100000110
0010011110000000
1011001101111101
1001000110110000
0011110110110111
0001000101101001
0101100011110101
1100101010100001
0011111111000101
1010111011101001
1110001011010111
0110101100000101
1011011001100110
0110001001000111
1000100110111010
1110101100000111
1101100101101101
1101010110010010
1100000001010110
1100110101111000
0011001000010101
0011001011110000
1011111001111000
0111111010110010
1110000110100000
0101100000000001
1011101010101101
1110110010110101
0001111110001111
1001111000001100
0010100000101010
0110101001000000
1010110000101000
0011110110000101
0110000001011110
0011010000011100
1101101010000001
1000010110101100
1101110010110100
0110010111101111
0101001011101000
1010000010011101
0110010101011011
1110101011010101
0001101010001000
0111110101101001
1001101110001010
1000010010010110
1011001101101111
0010000110010111
1100011111101110
1000010000011001
1000101001101100
1111110000010110
1101101010000100
0011110010100010
0100010011101100
0100011110110110
0000101101101111
0011011111100011
0101111110011111
0111110011011000
1100100100101101
1010100101011011
1111101011011001
1101010010110010
1001110100000110
0100010110101011
0111000111010100
1101011110000101
1000101110001100
0001001111000100
1111100000110111
1000010010111001
1100100001110000
1101010001010100
1011000111110111
0011000010100110
0111101111110111
1011111011111110
0100100001100010
1101011111111001
0000110010101001
0110111010111101
1001101101000111
0011010000110110
0110000000000101
0011101110100010
1010000010101100
0011110100001010
1101100011110100
0111000011001100
0011100101010001
1011101001100011
1010110001001100
1110101111101101
1101010010000110
1010111111100100
1011101011011110
0110100010001010
0000110001110111
0001000010001101
0010111010100100
1111100000101011
0101000010001001
0100001010111110
0101100010101110
1011011001110111
0101111000011011
1010100111101111
0011100100110001
0010001000110010
0100100110100000
0101001110011111
0011010011011101
0100101000100110
0001000101111110
1011001100100110
0001111110101100
0010000001101110
1101101100000000
0111110110011111
1110001011011101
1010011111100101
1110100010101101
0101111100110000
0001111010010101
1111001100101011
1100011101000011
0101101000101010
1111010001100111
1000000101001010
1000010011010100
1011001000010000
1111000001110110
0000111011011110
0100000011001001
0011011110000000
1011010001101000
0111010101101011
1101111000010101
1110110101001001
0110100101111011
1010110110101100
1110001110110000
1001100000000001
1001101000100011
0010010100110100
0001101010111101
1111001010010110
0100001011001100
1110011000011000
1001010010001110
0001111000101011
0010101000110100
0111101001000101
1011000111111011
0011011111101011
0010110011001001
0100000101010010
1001011001111111
1100111000111001
0100101111011000
0000101110010110
1100010000110011
0100111010010100
0001100001000100
1100111101110010
0011101110100000
1001110001110000
1110011010101110
1101001000011111
0111001000011110
1011011111001000
0010011100000010
1111011011001111
0001111011010001
0010110100010111
1001010111011110
0101011001101010
0011011011001101
0000010101101110
0011010000101010
0100010010111111
1001100110010001
0111010110011000
1010000011011110
1111101001011110
0100010111101111
0110011100101011
0101001111010101
1110011011111000
0101001111010101
1101110011110001
1001110100110101
1011110000001000
0100010110101000
1001111111000100
1110000010100111
1010110111100110
0011111111010111
1010111010111100
0000111011111101
1111100110011000
0011100111100101
1001111101010010
1000110101100101
1011000011010000
1110011010000101
1011101010000100
1001000001010110
1110011101011011
0001100000101111
1011111100001111
0110111000000010
1011100001110101
0111000001000000
1101010011000100
0000110101101110
0001101010001000
0100010111110111
1010110100101100
1110111010100011
1111001101010000
0111101000111010
1010010100011111
1011100011111100
0100001111000011
0110010111100001
1101110000111000
0010001110010010
1111101001000110
1110011000110011
1111111110010011
0110101000010001
0111100000001011
1000110110100001
1001000111000110
1111101110010100
0010110000111011
1011111001100011
1101101001001100
1011100001000011
0101001101110111
1001000001010101
0110100100000010
0111000101111101
1011010011010000
1011011110011100
1011101101100101
0001111101110011
0000111001110011
1011111101010011
1001001001001111
1110000110011111
0101001101000101
1101100111110001
0001110100101111
0100010010101110
0100000011011101
1001011010100011
1010110101100001
1111011110100010
1010101010010000
1011111011100100
0101001100110001
0111111111101000
0000010111011100
1100110001100011
0110110101011111
1111000101110111
1001110111010101
1101011010011100
0100101011111011
1100100011110100
0000101011100010
1011100011011111
1101001010011011
1010001100001100
0100110110011000
1000111100110110
0110000111111001
1110111011100010
0110111100111011
0001001110100011
1010111001100010
1110000100110100
0101100000101010
0110101001001110
0011011010100110
1100000000100101
1010100101001001
1111111111000100
0000101100110011
1000010000001100
0111100100010010
1101101001010111
1010101100001000
0111101111010010
0110000000000000
0100011001011101
0110111100000001
0110110010010011
0000101101111011
1111011110101111
0100011001101101
0101100111001000
0001011110110111
1110100011010000
1000110101111010
0000011110001010
0101100110110101
1111010101110111
0001111001111011
1110010011000000
1100011011100101
0110001010100000
0001111001001001
0010100011010001
0110001101111111
0001101110010110
1010101011011000
0011110011001010
0101000100100110
1111010110100110
1001110000001111
0101000111001111
1110011011111110
0010110100110011
1001000001010110
1110010111011110
1010011111011101
0111011100100011
1011010011001010
1110110110100101
1100111111000001
0110111011010100
0011100000110101
0010010001010101
1100110100110100
0011110000100011
0110000010011010
0111101101100110
0101011111111110
0010010001101111
0110111100000010
0110100000011111
0110010110110010
1110110011011111
1011001101000001
0101000001010101
1111101001000110
0101111110100001
0000000100110010
1100100001100001
0000001100110110
1000110101110001
1010000100100101
0111101001010100
1110110111111011
1000000110001101
1101000000011101
1110000111000000
1010000110101010
1110100011000111
0001001101000100
1001010001100010
1010010111010010
1101101100110011
0101110010010111
0011101010101011
1110101110000101
1001000111100000
0101110001101110
1011111110111000
1111001011001010
0011111011101011
0101000101001111
1011101000010011
0010001100010110
0011011111010101
0101010010111011
0111010101101000
0010100001110011
0110000011001010
1110110001011100
0010101111110110
0101101110110110
1100110101001110
1111110111101010
0101010110100100
0011000111111100
1011001100011111
0010101010101101
0001010000111110
0010001010110011
0010111100110011
1111001100100111
1110110001011111
1110111011111100
0101000001100111
0100100000001000
0011110110111010
1111001011001111
0011011010100101
1001001000010010
0111101101000000
0110011010100001
0111010001111010
0111110001001111
1110011010001011
0110100011000101
0100110001111001
0101011000100011
0001000100011100
0101100111111011
1100011101111110
0011100010011100
1001101011101100
1100010110010111
1010001010111100
1000010000101001
1011011100010100
1010000001111011
0111000101010111
1111010100001111
1000001111000010
0110101000110101
0001011000111110
1100101111110111
0100101011110100
0000010110001000
0110111010111100
0010100101101110
0001010011111110
0110100111100101
0001111111000011
0111011011111110
1100010000100001
1000010000100100
0100100000101010
0011101111110110
1000001110110110
1100011001001001
0011011110100011
1110101101011011
0101001101000110
1111011001110000
1000001010100100
0110110100110111
0111100110011001
0000100011100111
0110110000111101
1001001000110010
0001100010001101
0101001011111100
1000110010011111
0000110000101110
0101011101001100
0011000001101001
1101101010010110
0001010001000011
1011111010010011
1111001101110010
1000010011110110
0110101100101100
1010010100001011
0110101000000001
1110010010101011
1101110000101011
1100001010111001
0010010101011111
0110110100011110
1111000111100010
1101101000110110
0101110110001101
0010001110000110
0010011100001001
1011100010000110
1010010000010011
0100000000101001
0101111111110010
0011000110101111
1011110110010110
1100000010111101
0001000010000100
1001011011011011
1101110001010100
1011000111001011
1111101010100000
0111110100100010
1101010011100100
0100000110010100
1100100111001100
0011001011001000
1111010111110110
1001100111101100
0100101000010100
0111101010011111
0111100010010110
1001011010011011
1100010000111000
1011111010100100
0110001011001110
0110110101011000
0001010010010011
0011110010101010
0110110011100000
1100011001010011
1011110001000011
0100010100101000
0110001110000010
0011100001010001
0111011001100001
1110101101000101
1000000111110100
1100000000101011
0101011100011000
0011100010111101
0011110110111010
0010101000001011
0001010000000110
1010111001110111
1010111110000100
1101010010110111
1110011110000101
1010010100001100
0000000001001101
1010011010101011
1111001101100001
1111111110000101
1011000001111011
0010111110001000
0010001111011100
0111100011111011
1110101000100010
0110110010100000
0111100000111100
0000011001000111
1100001000111111
0000001010110111
0101001100100010
0010100110100101
0100110001111001
0110101010000011
1110011111111010
0001000001011001
1011011010000011
0011010110010010
0010110101110011
1010100101110100
0100010011010000
1001100001001100
1100101110110100
0111100001001101
0111111110101100
1010100101101001
1010101101010111
1001010110101001
0010111110000011
0000010111010111
0111010111101000
0001101100000101
1000100101111011
0110101101011111
1001101111110111
0001011010010101
1001011011111001
1001101101011000
0111011110111111
1101001110000011
0010000001111001
1111101111010110
1110110010110000
0010110011100101
0100100110010111
0110110001111100
0000001110100101
1100010100011101
0011111111001001
1011111111100001
1110011011110001
1111101001010100
1101000101100001
1011100100001101
0001010011110000
0011110001110001
0101001010101010
1110000101001100
0000100000010001
1001110000100101
0111010000100111
1001110011000001
0100101110010010
1011011101011001
0001001010100000
0110110100000101
1001000110011000
0111001010001100
0110000100100110
0001011001100010
0001111001000001
1000001101010001
0001110000100110
0101111100100110
0000100100001110
0001100110010100
1101101000100010
1011011001010000
1011011001110010
1011110001100100
1010011000000011
1110011111011110
0010100101011001
0100000101100111
0100100001111101
1111001001100110
0110100111110100
1111001110011101
1101000110111111
0001000001011110
1011011011010001
1000110111010010
1111000000100111
1011010001010000
0001111110001111
0111011011101001
1010011110110111
0000111010101110
1111100101100110
1000101111001011
0111100000100101
1011000101101110
1100011010001100
1110011110100101
1000000001011111
1000110101010000
0010100110011001
1011101001101110
0111110010001111
1000111010000111
1101101010111011
0101110110101100
0110100011011000
1100101011100000
0011111110101011
0010001010101000
1111101011010001
1101010110000110
0010100001101100
0111000011100110
0101001011001010
0110101101110101
0010001110011100
1000110000101101
0010011001001111
0110001100000111
0100111001110001
1010100001011001
0111101101000101
1001001110010110
0100000000000001
1001110011110111
1101011001101100
1000101111001110
0100010001010010
1000000101101110
0111000110110110
1001100101001011
0010111011111111
1001100110110010
0011011011100011
0100000110001100
0110100000100101
0000110101101100
0010010011110010
1001101111011100
1000001001000111
0011010001011110
0110101011101001
1100000111101111
0010110100011101
0010010110011101
0111011110101101
0001110111010101
0011011001100000
1100100101010001
1000000010100011
0011110010001000
0000101000011110
0000010000011011
1000110100000111
1101111001110111
1100011010001100
1010101000100010
0101010111100111
0110001001100111
0011010111101110
1001010011101011
1101000100010000
1100101110010110
0100000101101100
0011110111101000
1011111110001000
0101110010111101
1001010001101100
0011111010111011
1010101111101110
0110100111100001
1011011011011110
0010011001001100
1111110011110011
1001000111110100
0111110001011011
0011000000011010
0010010101010001
1100000111010001
0010011100101011
1010110000100001
0100101001111001
0111010110011011
1101011110101101
1000111000111001
0011000110100111
0101111101011010
1000010110001110
1011110000011110
0001001011100111
0010000110110100
0100000010001100
1111010000111000
1111110000000000
1100001001110111
0001011001111001
1010011100000000
0011110110001010
0000011110111001
0101001011011010
1101000101001010
0000001110011000
0100100011011110
0000100110010111
0000101010111001
1110111011001100
0010111011011100
0100110010110010
1110111000111010
1011101110111010
0000110011110101
1111000110000101
0101001111101010
1010110111000010
1001011000000111
1110100111100001
1110010100011100
0110111110010000
0110100101011001
1010000111000001
1100001000001101
0011101110111010
1010111101100111
1001100000001011
0100100011110010
1101110100111110
1111001010011110
1110110010110101
0001000010101000
1101100010111010
1011100010011010
0110100111011110
1111111000011011
0110110010110001
0110010001110100
1000100100000111
1101001110010001
1100001011100110
0111101111101001
0100101101000001
0100101111110011
1111001111111011
0111000000101011
0101101000100010
0001101011100100
0101001101010100
0101101101010110
0010010010101010
0101010110111000
1010011011011010
1010101011100110
1001001101010101
1000001110110000
0001100001010100
1011000010010010
1010111010011100
1001100101111100
0010011000111101
1010010010101100
1001001101110111
1110110010101011
1001111111110101
1001011101011101
1001011100110001
1111001000010110
0011010010101011
0000000001001111
0100100000111100
0011100011111000
1010010001101110
0011010100111000
0100000001011100
1010010100100001
1011110110011010
0101001111010110
0100010011100110
1100101010011001
0000110110100010
1100110010011100
0010101000101000
1111000011110101
1001110110010001
0000101001101110
0100101111111111
0110110001010000
1100001011101011
1000011010001000
0101100101110011
0011001011000000
0000110111100010
1101001110000101
1001100011110001
1010010000111000
0101011000000010
1110101001100011
0011010101011101
1100101111010010
1010011101101000
0011111110011100
0111101101000000
1111111000110000
0100000010110011
1101011001100001
0000001001111011
1000101000100110
0101111100101110
1010001100010100
1001101100010000
1111101101000010
0001001001111110
0100001001101011
1011010001001010
1011011110010100
0011101011010001
0000000011001100
0010110100101101
1001111011111101
0011100111110110
1011011000110000
0111000011110100
1100010101000010
0110011111010100
0101011010011110
0100111000011101
0100110001000011
0110000000101010
1110100000011101
0101101110111001
0101100110001001
1010010100000010
1011100010111111
1010101001111001
1110110010101111
1000101011100011
1101100101111100
0101011100101001
1000000001010010
0111100010111001
1111010010111011
0011100100010010
1110101010111010
0111010001000001
1001101100000001
0000100001011110
0101111001000000
0111101011101000
0011000110011101
1011110111110101
0010000010100100
1010110000100111
1011010001100110
1110110111001011
1010111001001001
1101001000110011
1011100100111111
1001110111110001
0100111011100111
0011000111011001
1010000000111010
0011001000000000
0111110111101101
0101001101100100
1100001001010011
1100011110000111
1110011000111111
1111111001100011
0100110110010011
0100111001011101
1110111010011110
0110100000001101
1000100111001110
0000110001111100
1100111010110011
1011100111000011
1001101111000001
0110001101001011
0111000001100001
1001100010110110
1101111111101100
1110111101011001
1010100010011101
0110101111000111
1001100011010010
0111001001111100
1010111101111110
1001001111111111
0000110011110110
1001101011001001
0001100011101011
0001101001101000
0101111111111101
1111001111010100
1100010100100001
0010010110001010
1100011001010101
0011001001100101
1100011001001111
1001110000000001
1001011010101001
1010111111010010
0001001110100110
1110000000101110
1100100100001101
0110000100111101
1010001001001111
0001111110010110
0101100001010110
0011110101000100
1000110001010100
0000000001011110
1011100101001101
0111100001101110
0001010100011111
0110101111100101
1010000000110001
0000011001010000
0000110101010011
1000111001010011
1101000010010100
1011111111011101
1011010100001111
1000010000100010
0111111110101010
1011011111001011
1001000001010001
0010001001000010
0011101000001101
0000101111100110
0111111010001111
0111000101011101
0111100010001011
1111011111001100
0101011101101000
1110010000001110
1011101000011100
1001010001000101
0011010010110000
1010011000100100
1001011001011011
1101011010110111
1110000101111000
0001011111111101
0000011110010110
0100101101001011
0101001010000111
0111010111000111
1011101011011110
0111110000000111
1010010110000001
0011110010100011
0011100100011001
0100001001100101
1011110010111001
0011000011111111
1011000011101111
0100110011001011
0011000100001100
1001111010000100
1010100111010111
0100010000001101
0010001111010111
0110111111100001
0000001100100100
1001000000001011
0110001001110100
0000010011101011
1000111000111010
1100010000111101
1000100010011011
1111100011101001
1100010111101111
1001000000111100
0100101111110111
0100110000000000
1100000010001111
0101101100110110
0100011101000011
1011110101100001
1000010110001000
1011001001001101
1000011111101110
1111101000010010
0000010000110000
1110000011110001
0101100011011001
1110010110001101
0111010111100101
1011001110110111
1100000000001100
1011000010110010
0001101000101110
1000111110101101
0000100101001100
1110010000010010
0000011110011001
1011100101101100
0010010010000100
1011010100001101
1000000111111100
1010010000010100
1010001011111111
0101010000011001
1100100011000001
0111001100111010
0100010011000010
0101100101100100
0010010111100110
0110000000011010
1011110001110100
1111011100011011
0110110111010000
1001100010010010
0000000101100010
0011110110000111
0101011010011010
1001100101101000
0100111001000100
0110101010001100
1010110011100101
0010000001101011
0011011111100000
0010101101001111
1111010111000110
0010101010010100
0101110010110101
0001100101100110
1001101110100011
1000100100101111
0100111101001110
0000000001100110
1110100110001101
0011101110000100
1111111110010011
0010001101111101
1010011000110010
0011010001001100
0000110000000101
1101100000110111
1111000000101101
1101011110111100
1101010111000110
1110110100101110
1000100010101100
0010110011101001
0100101011001000
1010111001010111
1001110110101100
0010111000100111
0010110100111111
1010010110010111
0001011111111101
1011111101011001
0010110000100110
0111001000110000
1111001110000111
0000101110000101
1101010100100111
0001111011100101
0000001100011001
1000000010110011
0111111100110000
0000011010110110
1011000100011001
1110111110010101
1100011010111100
1000010110111010
0101101000001110
0000111011010000
1000110111101100
0111100101000100
0101001110000110
1101001100111011
0110011100111101
1101100100101011
1100110110010010
0110110100000000
1101010001101101
1110000001001101
1011111111100011
1000000000101110
1000001101000110
0110100100110111
1001111100001100
0100111010111001
1111001011000010
1101011001010011
1001111101110111
1000011010000111
1101100100000010
1111110011111010
0001111001010001
1100100001001011
1000101000010001
0100001001100100
1101100100111100
1000111111101010
0000100100000010
0100100011100100
0110101001100001
0100010000001010
1011011001011011
1101111011111111
1111000101110111
1110111110110111
0000110101001101
1111001010011111
0110000010101100
0100010011010101
1010100111111100
0001011010100101
1000010111100101
1101010111111000
1000000110001011
1010110011100100
1101011111000001
1000101101110100
0110011001001101
1100111000000011
1001011110100010
0101011100110101
1011010111100011
0111011110111101
0001101011110001
1001111010111111
0100011110001011
1011101110001111
1111110101101001
0000110011001010
1011001101100111
0110100000011110
0110101010110010
1111101101011001
1001110100101101
0011010111000100
1110011000010010
0001101110010101
0101011111000011
0101001111011111
1011011100101010
1101110000011100
1011101100100100
0101011000100011
0111001011011110
0111111011000101
1000001000100111
0010010000111110
1110001110110110
1011110101101110
0000101101011110
0001001100110001
1000001010001011
0101001011101001
0111101111110111
0010010101101010
0000101011111001
0101100000111010
0101100010110101
0010011010001111
1100011110111010
1110000000001010
1100000011100100
0100100111000101
0110010010111011
1000101100011100
1100110000000011
0010100100001010
1001001000000011
1110111001000101
0000100101011101
0000101101000011
0001111011111100
1110010101000010
1111011101100110
1110001111011001
1100000010111011
1001111000010110
1101010111100010
0100101001111110
1100111010001011
1001001101101110
0001011000001010
1100101111110001
0111000000011001
1011100100110001
0100100010000101
1111001000100010
0010011101111111
1111110000101110
0010101100001010
0011001110100101
1000000001111010
1100010101111111
0101100110001101
1101101001001101
0010110010110000
1100111000100110
0111011010011000
1110110000000010
0001000010000101
0110010011110110
1111010000100100
0011100001110011
0100000100000100
0101100011000001
1011001110111101
0110110000001000
0111011110110110
1001101101011111
1000101001101101
1101100011011110
1101010011110100
1100110000101100
0100110000111011
1001010010110100
1011110010010110
1001100111011100
0010000101001101
0111011110111110
1101100011101011
0110110010101111
1000000010101111
1100110100011001
0011110101000101
1010001100000100
0101100111010101
0000000000000011
0000111101000011
1011110011101101
1001000001100000
0101000000001011
1101011101111001
1010000000010101
0111010000100000
1110110011110111
1110111011110111
1111000010110011
1101011010111100
1101011011111001
1101111000101110
1101100101110001
1111011111001110
0101011001000101
0110001100010110
1000111010000101
1001000001011011
0001110010100111
1010011001100011
1011101001011011
0001010101001001
0111001111010110
1000011010000110
0111111101101010
1100011001110000
1100101101111100
1001000111000000
0100110000011111
1010001100001000
1000100101111101
0010111011100110
1101100111010000
1100101110001111
0001000011000101
1010011010000011
1011111010010011
1010111001100010
0011001010011100
1111000001110011
1101100100000001
0110010010110001
1111001001010111
1110011111100100
1110011001011011
1000100110111101
1000101110000110
1111101100001110
0101010000100101
1111100111011011
1101100100000010
0011111111100110
1111101100110101
0110000011111010
1110001110100100
1000011000111010
0001111111010011
0110010100000101
0111111100010101
1000110100101100
1110010001101000
1101001110000100
1000001000001001
1111011110111100
1111010001100110
0100010000000000
0010010001001110
0100010010100010
1111011010100011
1101001111000001
1111010001110000
1000010110011010
1101011110001110
0001100100001111
1110000011100111
0000001101001010
1110100101110111
0010101001010100
1111100000111011
0110010001000011
1011000001100100
1000000110110010
0101001111010101
1101001000101111
1110100010110001
0101101110011000
0111101011000001
1101110010111011
0111011001010100
0011110011101110
0011001110111000
0011001111010101
0111001011101100
1011100001111000
0011101110111010
0100111011100000
1111000101011010
1101000010010100
0110001110000011
1000001010110111
0000010101111101
0000010101100111
1110101100010111
1100100111110100
1000011100000001
1100101000101111
0010110100100110
0101100010101000
0100110010000010
0101100000100000
0110001100001111
0101100010111101
1110000100010111
0111000011011011
0000011001011110
0110000111111110
0100111010111111
0011001111111111
1101101001010100
1010101100010010
1010100110100110
1010110101100111
0010111001011101
1110110111000010
0001101111000100
1101101011100110
1100001110000101
1010001001100000
1111101010111100
1010111000011001
1101011010100111
1100000110010110
0011001001110111
1000110011110001
1110100000110010
1100100010001001
1001001110100001
1110010011001011
1110000100101010
0001101001011101
1101110000011011
1000000110001100
1001000000100111
1001001010000100
0011111110011101
0110000010011001
0010111110001010
1010001110000101
0011001111011001
0011001100010110
0100010010011110
0011001100110110
0110010010101010
0111000110110111
0011101110010010
0001011110101011
0000000010000000
1001100000101111
0000110110110011
1001110111011101
0100010110100011
1001011000000100
1011101010101111
1110111110000010
0100101001100110
1000100110011101
0000011010011100
1001101011010100
0101100111110001
0011001101111101
1111111111111101
0000110101100111
1110111111110011
0101001111101011
1100011101011110
0111110110101110
0111001011000011
1001100101111010
0100100100000010
1000101000100101
1101011111000110
0001011001010000
1111100100001000
1011010111000101
1010101001110011
1110111110010110
0111010111000111
0010101111010000
0010100010100001
0000001101000101
0001010100001111
1011011101011111
0010101011101100
0000011110010011
1001111111001010
0110010111001100
0110100101010000
1110101010010010
0001111111101101
0000100011010111
0111010001111100
0100101101111110
0010010111101010
1000000100100111
1100001111000010
0010011101000101
0110111010110101
1101011010000000
1110010100001001
1100111101001100
0100011010011001
0010001011110101
0001100001110000
0011000001101111
0101111010000001
1001011100001001
1000001001111100
1011110010011000
0000000001001001
0111010110001001
0111011000110111
1101100111001011
1111110100000010
0000110001001010
0111011010010100
0100110110010101
1110011101000100
0001100001010001
1101111111111100
0001011100011100
1011110011001101
0100101000100100
1011010011010000
0001011001011111
1001111111101011
1111011000001111
1011110010100001
1011011000111000
0011000010110001
0111001001001111
1010110010001111
0100001010100101
1111111000011100
0100000111000101
1110010011111101
0100010111000111
1110011000111000
0100011110011000
1100100111110001
1110001000001110
0101101101100010
1101111011110000
1111001110101100
0001001100000101
1001111010001000
1111111101011101
0000100111110110
1011000000100111
0100111011100111
1100100010101101
1000100010011111
0111100011001010
1000011010010111
0100001000000001
0001111011001010
0110111001011001
1000001100000010
0011011001000100
0000100011101011
0010101101011110
0101100101110101
1011101111000001
1010001100111011
0111001111010011
1010000100111111
0001101111000111
0110100100001101
1010100100111100
1001111110010111
1000011110010101
1101001100101100
1001000000101010
0011000011001101
0001011000010011
1010000000011001
1000111100111011
1011111010000000
1111111101001000
1100110001001010
1010110100011000
1010000100001100
0001001000101000
0110001101010000
0101001010001100
1110101101010110
1100101011100111
0100010010011101
1010111100011111
1001111110110101
1101000100000101
0111001011010101
0000100001111100
1000001011001100
0011111111000011
0011111001001101
0000100011001111
1011001100001010
0010111110111101
1101010011000110
1111011001001010
0000011001111011
1110111100111010
1110110010011101
1000011001100110
0100100001101011
1000011100100001
0100011000011110
1010101110110000
1101011000010110
1001000011001010
0010101111000101
0010010101101101
0001101101000000
0100011010001110
1101110100110110
1110110101011110
0000000010111010
0101100100101101
1111111110111001
0010011101110011
1111000001111111
1100011101110010
1000101000100011
0011000010000000
1000000000011101
1000011110101100
0011101001000010
1000110010001000
0100110110111100
1101001100101011
0101101011101010
0111100100011001
0001110011000000
0011110000000001
1111010100110011
0110001011000001
1101001101010110
0011001001000001
1010000111010001
0101010101000101
0111101101110001
1110110110100110
0000100100011101
1010101011100010
0100011110110100
1111010100001111
1010111000000011
1110111011000110
1011011111000000
1000100111100010
0111010101001000
1110000011101011
1100100011000100
1000110110010010
0001001010001010
0110011100001000
0111111110110001
1101000110100010
1110110110111011
1011111111101100
0000110000011010
0111001110000010
0100111010111110
0010110000001010
0100001111001000
0000010100111111
1110101110000001
1011110111101010
0111101000000101
0001101110001001
1011000101010101
0001001000001111
1000100100000101
0110111000110001
0011101001010010
0110000101101001
0111111001001001
1011001111111100
0110011010001101
0110101100001110
0101000000100100
1101110010000111
0011011110011001
0101011001000001
0010100110011011
1000010001100100
0110101101111101
0101011101001011
0010101000101110
0100111100001111
0101111011100011
0110000011101100
1001011001000000
1000011110111010
1010001101100000
0000000000011101
1110100011011110
0100101000110001
0001101110000110
0001101010000011
0001010101111101
0101111010000010
1001110011100011
1101100110001011
1110000111111001
1111111101110001
1100010111010110
1100010011100011
0010101010010110
0101010011010100
1001111000000000
0110011100111101
0111010111100001
1000110000000000
0011111111100101
1000011100101100
1111001001011001
1111111010111110
1001001100011010
1100110110001111
1010100011110001
1110111000100011
0011011001001000
0111011010111111
0011000101110001
1011101100111000
0001101110111111
0101111011001000
1101111111011000
0010001111000011
0011100101001100
1100110010010111
0000001000011000
1111001111111001
1110011111111010
1011101110001000
1111011111011001
1101110010010011
0100011010011100
1100110110000011
1000011000111011
1111111100000101
0001110100011000
1111011110011000
1011010100001011
1000110000000100
0101111000011011
0001011011010000
0010110000101000
1101101111101101
1000111001001111
1100111000100000
0011000111010111
1111001010110111
1110111011011111
1000001111000111
1001101110101111
0010010011100010
1010110101001001
1101100011110110
0110000100011000
1010111111010101
1010001011101101
0001000110010000
0110111101110010
1000100001111000
0101110110011101
0111100010110111
0000010010000011
0000011001001110
0001000010101101
0101111001001001
0100000100110010
1010011001001101
1000100011110100
1101111010001010
0010001010010111
0001101010110100
0011011010111101
1100100111101011
1111011101100111
0010110110011110
0101100111110100
0011111110101110
0101011101001111
0110001111000000
1010111110000000
1101011010000010
1001010001100110
1111011011000110
0010100010100011
0111011011010101
0100100001101000
1111110101100100
0100001001101000
0110010111100101
0111110111011011
0011100010110111
0110111000011110
0000000010110111
0001111001000001
1011111001111111
1010000001100001
0001000100101010
0000100101110011
0101101110000001
1100110000111001
1001101001010001
0011001101011101
0000101110011001
1111011001001101
1000110011000010
1000011001101010
1101010101101011
1001111110010111
1010110010110101
1101110101000010
0110100000111011
1100100100110100
1011101011010100
1011000100110001
1000010100101001
0010110100011111
0100000010110100
0110001010100111
1001100010111111
0001001100010001
0001111101100001
0100100110000100
0101000000110101
0011010100011101
0011111100101101
0010001010001111
1000011100110011
0000000001101010
1101100111010100
1111001101011001
1100110100000110
0111111001110001
1001000101110011
0000100010100100
1010100100110010
0110111011100111
0000111010101011
1101110110001011
0111111101011111
1001011110110011
0110110100111001
0111010000100101
0001110000101010
0000001000010110
0011010100110110
0111100011010110
1001000100011100
1100111100010110
0001111100101101
0110011001010011
0101010111010110
1111011100000010
0111001001010100
0110011000111001
1110010111010000
0110100010010101
1110000100010111
1100011111000111
0011100111010111
0111101001001100
0100111011111100
0111001000000000
0100010101010001
1111011110000000
0100111000110001
1010111011011110
1110001111110000
1000101100001110
0000111010011101
0001111001100101
1001001101010011
1101101011110100
0000010000001101
0100111001000100
1011000000100001
1101100001111111
0101100100100001
1011100111101010
1001110110011110
1101111110100101
0001011011010100
0110001101110010
1001100011101000
1010111010100111
1110001111101100
0000110111000110
1000001001110111
1011000101010111
0100110111001110
1000100110000011
0000010000001001
0100111101110010
1011111101111100
0010101001101000
0111010010001010
1110111101101110
0000011000110100
1001010111011010
1100001100011010
1000101101110100
1100001011001100
0100110010001011
1001001000011000
1010001000110111
1101011111100111
1010100111110001
0100011000101010
1011101110100010
0101001110101110
0000100100010100
0100110010111010
0001001101011010
1000101001110010
0010111110101000
1010111001110000
1111010101011000
1000011010111001
0000111000011001
1010000110111111
1111100011000000
0100010001111000
1010100100000101
0101001010000101
1011110000110110
0001001000111111
0100101011000111
0101010111110000
1011101010100000
1110001101100100
1000110001000111
1111111011101010
1000110011100110
1000010000011101
1101101100000101
0011011010001100
1010110011010110
1111011010111001
1000011110000011
0111000111100000
0111100000000110
0011000110111101
1011100010111101
1011001010110011
0000010100001100
0011000100101010
0000101010100101
1011111101000010
0011011111001001
1010100111111100
1001111000011111
1110100001010010
0100000110100011
0010001011001100
0011001011010011
0011010011000101
0001100001011011
1101110011110100
1110010100010100
0110111000011110
1110110110111100
0101110000011000
0100001000000001
0100001100110000
1011001100111101
0001110111010111
1100001011110010
0000000010100011
0000010001111010
1110000110000010
1000010011111100
0011001101101001
1001111111101000
0011101101110100
1111101111011011
1010010111010111
0011111110000010
0111011011011110
1100101110110110
0011110100001000
1011101111101000
1111101110011001
0100010110001101
0000101100111000
1100001111100111
1110111100000110
0001110111110010
0110111000100010
1101011100100010
0001000001000010
1100101100111001
0010111000101010
0000100010001001
0010011111100011
1100011011001100
0100100001001101
1110011110110000
1000001011101010
1100011000001010
0000010101111111
1000010111001110
1101100001001101
0001010110100001
0100110111100001
1011101101101000
1101110100010110
1111110011010110
0011010010110110
0000011001010000
1111001011011110
0011000001110011
1001101101010110
0100110111111101
1011011010111110
0100101101001110
0101100110110010
1000010101110111
1000101101101011
1000010000001110
0000100111000010
0001010101111110
0000111101100001
1001010001111100
1010000001001100
1111001100001111
1100000011100101
1010101011001000
0101110110110111
1001001011011010
1101100111110000
0011100110101100
0101100111110001
0000110111011000
1110010011110110
0100110010100000
1001100110001110
0001011011000110
0011001111100111
0011100011111101
1010000010010111
0011100000000111
1101101100101011
1000001110101111
1000010101011000
0101000000110000
1101010011001101
0011110011111001
0011110111110101
1001000101001111
1100111010110000
1010110101001000
1111000100011000
1110001010011110
1000111101100111
0101000011001010
1101110100011011
0010111100010100
0110010000010010
1000100011100110
1101100010011001
1110111101001110
1111110011100101
1111110011000010
1001011000101011
0101000100000001
0110010010111001
0001101010000100
0101101001110100
0111001100011010
1010110000001100
1010000110101000
1100000011111011
1111010001100001
0100100011011100
0111010110000010
1010011011011000
0001011101010000
1000000101110100
1110111010100111
0010010001100111
1111000011111010
1001000111110100
0110010001100111
0011001111011111
1110110010000110
1010100110011110
0110111000100011
0001011101101011
0101001101110111
0000011010110010
1110111110100101
1101011110000110
1001001010101011
0110110100110010
1011000100111100
1001101001010000
1101111000001011
1100010111101010
1000010110011000
0001100111100011
0010011110001101
1000100111110110
0101011001010011
0110001001000000
1010000010000101
0100001010110001
1100000101101110
1101100111100011
0001001001011010
0111000010110001
0010011101100110
0100001001011011
1000011111001000
0111101001000110
0110000110110010
0110100000000001
1000011000001101
0100001001011110
1010101110101011
1011000001000000
1001010111111100
0100111000011001
1000000000010110
1110000000001101
1010001001110001
1011111110011101
1001111010011100
1110101000001101
0110000000101100
0011110010111101
0110010100011001
1000001111001001
1110000101011101
1110110011011001
0111100111001010
0010011100001111
1110001001000111
0111001100001011
0011101110000010
1001001001010100
0111110111111011
0010100110010111
1111101110000000
0000101111101100
1010001011000010
0010011100011000
0000000000000010
1001001100100011
0010011101110001
1110110011101110
1011101101011101
1000111100101111
1101001000111010
0010111111001001
1110011000011110
0011110011100001
1100100001010111
0000011010011001
0011010011110001
1101110101001000
1000101111111100
0011011010001110
1110111101010001
0011111000111010
0010110110101101
1010101010111101
0000001011100100
1011100110001010
1101100110111011
1000010001010100
0111101011001000
0110010101100111
1101000000000110
1001110100001110
0011110100110010
1111111010000110
1010111100101010
1001100010000111
0001011101001101
0100001011000011
0001011100111001
0011011010111001
1000110111001111
1100000110101111
1000000101111011
1111100001110100
0011101100000110
0011001001101100
0010100110001110
0101110111110100
0110110000001111
1010011110001110
0011100010010010
0110100110011001
0000000001110011
0100101000101010
0011111000000010
1000000011010111
0110111110100010
1001110111100011
1001000111100110
0111001010011100
0001000100110001
1001011010011000
0101011100101100
1010101101111110
0000100001100011
1101100011011101
0111101110000101
0011111111011001
0101100000100111
0111000011110001
1101001110010101
0101010011011110
1110011100010001
1100000111110000
0010100100101110
1011101000011100
1101110001000000
0110000001010111
1010001001101101
1000010010010001
0110111101001001
1011100111001010
0101110011101001
1001011011011011
1100001000010000
0111100001101111
0111000001111011
1111100111001011
0000100000100110
1110100101000101
0011100111000101
0111001000010111
0011011010101101
1011000001101111
0000100000100011
0110001011100011
1101001001000001
1011001101101110
1110110101111011
1001001011011001
1010110010111100
0001010110010100
0011000010111001
0001100101001111
1111111110100000
0101111010111110
1010010001000101
0010101111110010
0101110000111001
0010100011111111
1100011110010110
0110010011110010
0101100000100100
1001010011001011
0000110000011101
1001101010010010
0010011010000100
1101111001101101
0111010001001001
0000111011110000
0111100000111010
1111110111011101
0011001100110001
1000111110011111
0111000010011011
0011010000011111
1011000010011010
1100100010100100
1100011110000101
1100101101000110
0001100100101111
1100110101001000
1110010101101001
1100000101010111
0110100010010100
0011101011111110
0011001110010100
0000001101110100
1010111001111010
0000010100010000
0000000110011011
0010101100110000
1011110111010000
0100100000000110
1111010101000101
0010000010101101
0110100101010011
1111000111000000
0001010100111101
0010000000110100
0000100001011011
0111001010101010
0100001101101000
0101100000001100
1110100011111101
0000101100010100
0000110100110000
0111101000111000
0011010101110100
1110100000011001
1111011111000100
1011011011110011
1101010110010001
1000110001111101
0001110010011010
0101110011000100
0101000111101101
1111100110110011
1100010100011000
1000110001111111
0001011110100100
1111011110111011
1011100010010011
0000111001000000
1101011010010111
1100111110100011
1001110001000111
0001111110101011
0011111111011110
0101110111100001
0100110010101110
1011101111100011
0100001000100011
0010001010101101
1011100101010011
0101110111111010
1001100000100101
1110111101100100
1000110001001101
0101101010101011
0010100001101001
1001001110001111
1101100111110111
0101000010100101
0110101011110101
0001001011010100
1101001111000101
0101111110001000
0110001111110110
0001000110010011
0010011011110101
1110100100100011
1001000011101000
1100000010011010
1011010111001000
0101111101010101
0011001001001111
0011101101110101
1111100100000111
1000111101000001
1001010111100101
0100110110011010
0101101100101011
1010111101000101
1011011100101000
0100001010100101
1001000101011000
1001110110000100
0100001101100001
1000000110010000
1011011001110101
0100110011011000
0001101110011000
1110010011111100
0111110000011100
0010110000001010
1001011101110000
1111110010100001
1000111010000111
0111000111011011
0111111101011111
1000001101001110
0010000100011100
1001100101010011
1000011101000000
0010011101001100
0010111100011110
0111110000101010
1111010101001111
1000011110000111
1000001100110101
1101111101101111
1111100011001101
0001011010111000
0100000000111010
0101010001111000
0001110101010110
0011101101110000
0110001101010010
0010100011001011
0001110000100011
1101101011010110
0100101010111011
0110001011101111
1101011101010101
1000111001011110
0010111111011010
1011100110100011
0011100011010100
0100000000001111
1011011000010001
0001001101100000
0011111010110110
0111101001101011
1011111000101111
0010100101010011
1101000110010001
0001000110000011
1100001100000101
1001000100101000
1101111101000111
1110011000011101
0011011101000111
0000110000110010
0010111101101001
1000111110010011
1111100110110111
0011101000011110
0101100101111011
1001011000010100
1100101110111001
1100110100101111
1001011000000111
0001000110011111
0011111111000010
0010001010000010
0100011100010110
1000010011000100
1001010001111111
0011101101000111
0110011101000010
1001000110101001
0100011111011110
0010101010001001
0101101001101100
1111110110000100
0010010001100010
1000110100000111
0000011011111000
0000011001111111
1100010111110000
1011100110001101
1011100011000111
0100001010001001
0000000100101010
0011000111101110
0101011011110000
1001110110111111
0011100011111011
0010110011000100
1000010011001001
1101110011101110
1001110001111101
0101010000100110
0010001010100100
1011111110001101
1100001010010000
1100101000101111
0110110100001100
1111010100011011
0010010011101110
0100011000010001
0010011011000000
1010110011101011
1010011000110001
0000111100110100
1010100110000001
0000001100101011
0010110101110001
0111110110000110
1110100010100101
1011000101011111
1100000100010111
1100101011110000
0000101010010011
1101000111001011
0000100101001111
1000011101110101
1011010101000010
0010001100111010
0010000011001100
1000101100111000
0011100011001011
0011101011010110
0101100011010100
0110001101100011
0110001101010010
0101010101110110
1111111100100011
0000000010110111
0100000001100011
1010000110101111
0001101110010111
1001111111110101
0010010010110100
1000111100111111
0111110101110011
0001101100011100
0011110010111010
0010111010100110
1111010000000000
0001000001111101
1001100001010001
1101110010011000
1110100110000100
1110000010100011
1011101011011011
1101001100011011
0111111111001100
1001111001001111
1101001010010101
0111110001001001
0101010011011011
1011011101110001
0111001000000011
0011100111110011
0010101111010110
0111111111011111
0001101001010000
1000010001010100
0010111100011101
0100000111011110
1100001000101111
0101010100110101
1011111001011000
0101010110001111
0111001101010111
0101110010011011
0011001101100010
1100111001110001
1011000100110101
1010000100111011
1101101001001000
1001011001110110
0100110110001110
1011010000100011
1111011011000111
0011101110011001
0000110011100100
0011111101011111
0111100111001101
1110101101100000
1110111000110001
1001011001100000
0001110010010110
0010100010001101
1100100000001110
1101101110010000
1101111101011100
0001010011100111
0101110001110101
0100101010111000
0111101101111011
1101101111000111
0100100010011010
1101101101000001
1010000010110011
0011101111100111
0010000010111010
1011001001111010
0101110011001001
0010100010101010
0111101011010011
0100111101010101
1000000010100010
1111000111011110
1001011101110001
0111001001011100
0010010100110000
0110001111111011
0111110000110111
0110000011100100
0011000110011110
1111010110101000
1001110100101000
1001011111001100
0100110010111001
1101110000110111
0100100010101110
1111100111110110
1010010010010001
1001011110010111
0001000010010001
1100111100001110
1011011000111000
0110111001011001
1011111010111001
1010101011010101
1000101100011110
1101110100010011
0001111010100110
1110100011111101
0110101100110000
0001011100000011
0101001000010000
1101100101100001
0101110000100010
0110111001100100
0101100001001111
1100100000100111
0110001100101001
1011011111001111
1010100000000101
1110101101101100
1011001100010000
1101111000101010
0110101001100010
1111000010110111
1010001101110110
0001010011100011
1101110011010110
1101101111001101
1111101110101001
1110011110011100
1111111101010000
0100100100011001
1100101101110111
1101100001100011
0000101111100001
0011011110000111
0000101100110100
1101110101101011
0011000100110001
0101111010111101
0101110011111010
1101000010111100
1100111111011110
1010011001001000
0000101101001110
1110000000101010
0010010000011111
1110111110100001
0101000010001101
0100001001000110
0010100000101001
1101000011110101
0101101010110100
0010000000100101
0110011110010101
1010000101001011
1010010110100000
1110110010101101
1011001100010001
0011100011001100
1001111001000010
0100111011001101
0010001110000010
1110010001111011
0111010011001010
0010001110000001
0111000010101111
0110001101010101
1000100111001011
1010011101101111
1110111011110100
0101011000011100
0110101100011110
0110001111100101
1001110111110011
1111101001101001
0001100001110011
1011000101010110
0111011111010100
0110101100101101
1110011001000001
1000100111010100
1111110001001011
1110101000110101
1111101110001110
1110010100011011
1111001110100110
0010011110011001
1000000100000100
0110000010111011
1110000110010011
0101001011001011
1101010000101001
1000111101110111
1111001001110101
0001101110111000
0100011001100101
1111000111100111
1000110001000100
1111100001101111
1101100110010100
0001111101001101
1001000000010101
0100100111011101
0011110001110010
0000011101101100
0110000011001011
1001001010001010
1001110011101111
1100110100111100
0001100010011101
1001010111001011
0110011101100001
0111010110001001
1010100111111110
1000010000111001
1111010001110101
0010101000000110
0010110110000010
1110100010110110
1000000100100001
0000010001100111
1011011100110001
0111011011001001
1000001101011101
0100001010111010
1111011001000010
0101011110110000
0001011001110000
1011001001111011
1111111101100100
0011000001011110
0100111010000011
0000000101100110
0001110100111101
0110001110001100
0000110000011101
0011110000110000
0110011111001010
0111000110101110
1111011001001110
1001110010110100
0101010001110110
0101100010000101
1000110110010011
1000010110100001
1011001001001110
0010001110101010
1000101101000000
0001100101101111
0010101111001110
1111100111001001
1000000001100111
1001101100011110
1001001101010001
0011001111111101
0001001100110011
1010011111010000
1000111001001010
0011000100111010
0110010001111011
1011011011011010
1100101001011100
0101000011111101
0110010010000011
0010111011001110
1100010101001100
0000100001100100
0100011101100011
0000000010101110
0111001010010101
0110111100001010
0110110000100110
0111011110111111
1010101001010111
0111111110111000
1001011110101010
0111001011010011
1000100111001010
1000011001110111
0000011000101000
0111100011101010
0101001111011100
0101001111000011
0101101110001111
1101100111111101
0010000100000001
1100110110101101
0000000110100000
0101101000010000
0011111100011101
1011100000111011
1010011000110110
0101101110110001
0101001011100000
1010001111110010
1111011110001011
1011011001111010
0010000111001011
0011011110000100
1001100101100100
0100011100101010
1011001111111000
1000101010100111
1110100101010100
1000110100101001
0001101111011001
0001100100110000
1111011000001000
1000000111100011
1011000100001011
1010100000101010
1001110011000001
0110011100100010
1010011000100110
0010111110110000
0101100010011000
1101001000010110
0010011010101011
1000001110110001
0110111000100110
1110100001011110
1110011101111110
1100101101001101
1101101010110111
1110000110100011
0001111111111011
1100010101101100
0100101011011000
1110000000001101
1100101100101011
0100100010001111
1110101110000000
0111111001000111
1100011001000100
1011100110101011
1000111110111011
1011010100111001
1101010101010110
1000100111110001
1001111101001010
1101110011001011
1110111100010010
0101011101011010
1011101111100000
1111000000001010
0100010000111100
0010001001110100
0000000000001111
1011010000110100
1111111101110101
0100011100000101
1001101011010101
0010110000101101
1110010111001011
0000101101100000
1000011101001001
1011000001010110
1011010110000101
1000001110001000
1001100011011111
1001000110001000
0101000101110111
1001001000010101
1001000110011110
0110001000000000
1011100101000100
1010011101010110
1100000100000100
1101100101100100
0011110000111010
1111001001101000
1001000101001010
0101100101010111
0100101101011011
1011010100101010
1001101011000001
0011010100011001
0110000100101101
1001101010111101
1010100000001101
1000111101101010
1010001000111110
1011101110000111
1000101100000100
1000011100001000
1011100111001110
0101100001110000
1110011000110100
1001001111101110
1010111011001010
1111100100110110
1010100001100001
1000011001011001
0010001110100110
0000010011110011
0010011011001010
0010101111000110
1101000010001110
0101110001010110
1011101101000110
1010101000101111
0000101100010100
1011100101010101
0010010110110111
0100111100101101
1111110101100110
0100001000001111
0101111110101000
1110101001011111
0010000100010011
1001001000001110
1000011110001110
0011011111001110
1111000111101101
0010000000000010
1000100101101010
0010110111010001
1001100101100011
1000110010011100
1000111001100000
1011010000100001
0100010100010000
0110110100001011
1100000111000000
0010111010010010
0110000110001001
1100110010101100
0110100101001001
1111101110001011
0000011001110000
0101110010011001
1111000001001010
1010001010111100
1000110100101000
1100011011001000
1101010100110011
1101101111100100
0111110001110000
0010000010000011
1100101000110000
0010001010000100
1100100001101000
0011011101000010
0111101110001100
0000100001000100
0101101111010000
0010100001100001
1100000011011000
1000001011110101
1000110111001111
0011101011000101
0111100010101100
1011010111001100
1010111101011000
0001000111010000
0100100011001001
1010000101001100
1010110010000111
1001101110110010
1011110111101101
1001010111000101
1101010011001101
0111101001001001
1110110001111110
1101001011001110
0000111100101100
1110011110001010
1011110000010011
0000100011100010
0011000110000100
1101111011110100
0011010110111111
0000110001010110
1000011110110001
0011101101000011
1111011001111111
1111001111001100
1101000001110010
1010011100100010
1111101011000101
1110111111000011
0110011001101101
1010111100110011
1010001110001001
0001000000111010
0000110000001110
1000001011010100
1101100000101011
0001011110110111
0110010101101011
0110011110100101
0111000000010100
0100010100000110
0111001111010000
0011010010101011
1011110001000000
1010010110001100
0101111100000110
1100110101010110
0011110110100101
0111000110111110
1100011101101110
0010001001001100
1100010011101101
0101100100010010
0111001011110101
1010100101111011
1001100111000001
1011001101010101
0011110000100010
0000000101101100
1010010101100001
1100010100100001
1111111000010001
1001111111100011
0010101100100110
0010100001111110
0100000011101011
1010100000001001
1010100001000010
0111100111011101
0011101110100010
0101000001001001
1000001111111100
1000111100111101
1010000101000011
0111100011100110
1100000010101011
1100010100000111
1111111001101001
1011000010010000
0100000011001000
1010101010001000
0101111111110010
1111100010110111
0011010100101100
0111100011101111
1111011000110110
0011100011110111
0011111100010110
1010010000110111
1100000110000111
1000000111010110
0110100010010000
0100000000111101
1111000100110100
0000111010010101
0101110001110111
0011001000110100
1001000011110100
0110101101010000
0011011101001011
1011101101010011
0010101100101000
0101100111111100
0111010100011110
1011100000110011
0000110011100001
0000001110110111
1101110010111101
0010111011001111
0000100100110011
0101100010001111
1101000100110011
0100001000111000
0100001111010011
0101111000000111
1000111110010111
1011100101000000
0101101011001111
0100000010111100
1010111000001111
1100011110011001
1100010100110000
0111000101010111
0110101100010011
1001101101101110
1001000011110001
1101001000110011
1100000101001010
0110101000110010
1001101100100010
0110000011000111
0111010100110010
1010011111000011
1000011010110101
0111101100010000
0100110011111100
1111010100000101
0101110100001000
0010110011011111
1000111000100011
0011100100011101
0011011010101101
0001010100110100
0010001110111100
1111000110010000
0100011100000110
0010001011110111
0111011100110001
0000110110011000
0111111111100000
1000101010110100
1100000111110101
0010101001111010
1110000010101110
1110000101000011
0010101111101010
0100001111100111
1011101010101000
1011110110010111
1111000100111011
0101101110010111
0111111001011010
0010101011000111
0110101010011100
0100111100101110
0000110100100111
0001100010111011
1100001110001011
1001010100000010
0000101101000011
0110001101100011
0110011011100011
1100111001111111
1000111100011010
1010000010010001
1111010001011100
1111101110000111
0010101000111001
1001111010010001
0010101011011100
1011100100000100
1110001110101100
1011110111001111
0100001111010111
0001001000000110
1010100011110100
1011101010111011
1010010100000110
1111110010101010
1100000111101001
0110100100010010
0101100011110100
1101001111111111
0110010010011111
0110111101110101
1110110110010001
0101101010100010
0011000100110101
0110110110111101
0011111100111110
0101110001110100
0010010000010101
0000100000011110
1000110001001010
0001110111101010
1011001000010000
0011010100100111
1010111110010111
1101101110101010
1000110110000110
0011101000011111
0110110001000110
0000100110010111
0101010111100101
1101100011001001
0111110101100011
0011100111100010
0100011100001110
1110111011111011
0011110111110010
1010101110110010
1100010100000101
0000011010100011
1110000101000101
1001101000100110
1011101111011111
0111000001110111
1100000110110011
1111101110101011
1111010111010010
1101010100111111
0010011100010000
1001011110001101
1001001100101101
1110101000101000
0011000011010101
1011000011101000
0110111111001010
0101111010011010
1000111110001111
0100111010110010
1001110101001010
0001111000000100
1110110001101111
0000110100001110
1011100010111111
0010101110000101
0000100110011110
0011101101100000
0100010111011000
0001001110111000
0101010101100000
1010001000100111
0100001010011001
0010000000010100
0101110111100001
1000001010000101
0101000011110110
1010010001010100
1100111011100100
0101001110011101
0011100101010110
1100101011001011
0000001011000110
1000010000101000
0100101001001110
1100000111101000
0001000010001101
1110100011101111
1110110111110111
1001100000101101
1111001101101000
1101000000110101
0011001011000000
0001100011010101
1010111010011110
1100101000111110
0101000100001001
1111111100110001
1010000011000110
0001100111110111
0101011000101011
0000011110010011
0110011011101010
1110000111000011
1111000111111100
0110110110001101
1001010110111010
1010101011010011
0000010001101110
1010110100011100
0001011111111011
1100010110001100
0111001111110000
0001110110001011
1101001000010110
0100110010010100
1111001111111001
0100001110110110
1111011010000001
1100001011000000
0111100110000001
1001100010001001
0000011111100111
0001110101000100
1110100011011101
0110001110100000
1110011011010011
0100010001101011
0001101101011000
0010101000100110
0011101000000100
1111111100111011
0101111110000001
0110101001101011
0001011010110100
0110100101110101
0011001110100100
0100110110010010
0111100001101100
0101100100011000
0010111111101000
0110110010000001
0010101101111011
1100101111010011
0100000001011101
0000100001001111
0001010100001001
1111111111000110
0010010001111010
0110101101011100
0100011101111110
0010001010001000
0001100101110001
0100000110011101
0011010100111100
1011101110000011
0010110001010001
1100011010110100
1101110011010001
0100111001110010
1101000011110101
0111001000010011
1000101101100001
0001100010110100
1100100111010001
1111101110000110
0001000100001000
1011100101001101
1100111011111100
1000001111011101
0101111011110110
1101100010010100
1001110100110000
0001111100000110
1110111011110000
1101110000010011
1110110110101101
0110010101011010
0110101011010001
0101110101101010
0110010101010100
0111101000011110
1100000010101101
1010001000001001
1110110100101111
0010100001110111
0100111010110000
1010011101000011
1101010000110011
0001000011110010
0100110011110101
0010100111111101
1000110010111000
1010010111011101
1010110001010010
0011101001001110
0110100101111110
0001100010001111
0101010111011010
0011011111111101
0010000100010100
0010100000101110
0100000000010001
0011011110100001
0111110111101000
1001100100111010
1000010101001000
0011101100010110
0011101011111010
1011001100010100
1010101101101001
0100100101100110
0100011111110000
1110011110100100
0110101010110010
0000100010110111
0110110101000011
0100100110101011
0100001010011011
0001010100000000
1000001100111011
1011000010000011
0000001000110101
0110100110000110
1001111100001100
1111111111000101
1111000110001010
1111010000000111
1001110000000010
1000010110011001
1111110000111010
0011010010001101
1101010100111001
0100011110010011
0010101110101000
1100111110110011
1000010111010001
1010101010001101
0111110001010010
1001000011010101
0011100010010111
1000001100011001
0011011010010110
0101100011110101
1000111100110010
1110010001111110
1111100001000100
1110011011000110
1001011110000011
1011111000101000
1000110010110010
0001111011010110
0100111110010110
0100101010111101
0000110010101011
1111101111100101
1010010100111010
1000101110111010
0100101111101001
1000001000101111
1101101011110001
0111000100101010
0001010001010001
0111101110100101
0100000001000101
0001110000111100
0011111101110101
0000011001111011
1110000110100110
0000011101101011
1110111110100011
1111010011110110
0111110001011110
1000001101010000
0100001011110000
0110001100010111
0101000111011101
0011100101111001
1100110011000110
0011101100111111
0010111111000000
1101000111000100
1011010000011100
0110011101101001
0010000000010110
1100000110000011
0110110000010010
0101110001000101
1110111111011110
1101000110101100
0100010011000101
1011111111010100
0101001110010100
0111101010111010
1001100100010101
1110100100000001
0011100111110110
0001101101100100
0000101000010001
1010001010000110
1100111011110010
1110001000100000
1011010111000000
1000101000000011
0011000010000001
1101000100011010
1011111000110001
1101110001101000
0110100111111001
0010101110111010
0000011100001000
0000011010101010
0001010000001101
0011001111001111
1110101001111101
0111011101110101
1100100101000010
1000000010100010
0100111101010011
1110101010001001
0111101111110000
0100010001011100
0001111111011001
1000001111011000
0010001001100010
0100000100100100
0010100010011001
1010011111000001
0010101100011010
1101000001100011
0001100100001001
0110101111010001
1110100110101010
0010100101110001
0001101001110110
1111101000000110
1011101110000001
1100101110100100
1101010101000010
1000010010101011
1010000001111111
0101110100000001
1000000000100110
0111010011101101
0010110010011101
1000101000110001
0001010100001010
0001011110111110
0001001110011100
1101111001110010
1110010100010101
0011010111010001
1110011011111100
1001110001110110
0001000000000111
0011001110001011
1000110011010111
1000011110001100
0100000100001100
0000111101101101
0110000101011001
0100100000010001
0011110011110000
0011111010000011
1001100011100101
0011001000011011
0010010011110001
1110110000101100
0101000101101101
0111100110000001
0001011111101101
0101100111100101
0101001101101001
1101111101010111
1000001100100110
