001
1000011010
1001111001110
0001001000100011
0010100001001010
0001001111001000
1110010101001011
1100111001000101
1000111100011111
0000111100101101
1100100111011011
0010010000001101
0000001110010101
0101000001110111
1001110011000100
0111100111101100
1110000000010100
1010110001110110
0111001000010100
1000100111100001
1000101010010010
0100101000001011
0110110001100010
0001001011101000
1010010010001010
1111001000010000
0110100111000010
1111010000001001
1100000001111101
0100011101010110
0111110110011010
0101010011110111
0110010111010010
1000110010111010
1100001111100011
1111101001010101
0111110010000000
1011110001000101
0101001100010100
1110000000000011
1010000101001100
1110101001010100
1111110100111111
1000111010001100
1001111111011000
1100010010101100
1011001100001010
1001011001001010
1011101111001100
1111100111010000
1000010100000000
0110001010010001
1100010101001011
1110001011111000
0110101001101100
0011010000100000
1100000010111100
1001100010000000
1000011101001011
1000100001111011
1011000001000010
1110001000101110
1111001111110000
1101011100011110
1111001111111100
1000011001000000
1111110100111011
0011001100010001
1100011111001001
0010101101111011
0101010100101100
1011000000100000
0000011011110100
0001101101001010
0010011011110111
1100010100010100
1010011000000100
1000100001011110
0101000101001001
0001010110011100
0000100110001010
0000010111110010
1101000100001111
0001011010010000
0100010101101101
0101110101100001
1101010010011010
0101001000010110
0001010110110111
0010100101001110
0111001101000101
0110001100110101
1111010011011001
1001011000011111
1001110000101101
0100010000001000
0111011010110110
1001111110110010
0110111010011010
1111000011110111
0111001000111001
1101110011100100
1001010101011101
1111010110110111
0000110110110011
0110100111001010
0000110101111110
1111010101111110
1110110111100011
1110001100110011
1000001100011110
0000010100100001
0000000101100010
0010000111111011
0000000011100001
0010111010001001
0111101001000110
1001001001010100
1111101011101011
0110010000111101
0000000111000110
0101100111111010
1110110111010101
0100001010100100
1010000011010100
0000000000100011
0010111010111010
1001000101001010
0001101111001001
1111010011100010
1000100100010001
1000101110010101
0110101110000011
0001001100000001
0010111011010101
1011101011101001
0010111111011111
1110101110100101
0110110110000100
1010111000000001
0011011100010111
0011001101000110
1010011000000110
1010101100110101
1011100001010101
1110001000100100
1011101010101000
0101001111011110
1111100111101010
0111001101000001
0010100100010011
1000111101100000
0011111111001101
1010110111001011
1110000111000011
1110011000001000
1000101011000101
0100000100010101
1010001001101111
1100001101011100
1100111000001001
0100111110111011
1110011111010001
1001100101010001
0101110011110100
1111101111000000
1101110111110110
1001001110100111
0101010011011111
0101110001010010
0010100001000011
0100010001111101
0000100010110011
0011101010000000
0000001001001100
1011111110100111
1010000000110100
1011100101011010
0010111100101110
1101001100000011
0110001100101000
1010011101110011
0111111110100111
1100100000010000
1000011100101010
1100010000100110
1010111101110111
1111101100110011
0111101000101110
1011101001100001
1011000111111101
1001001000111100
1011001010101100
1000111000000001
0101001101000010
1101111001100100
1111001110110100
1111011110100101
0010110100010100
0011111101001100
1000010011010110
0011011011010011
0010100101110110
1100101101010110
1011011001001111
0101111001001010
1010000010101101
0000111001111100
1111000000101110
1011001110001001
1000110000011011
0101111011001100
1110001011100010
0110110111010001
1100111011010111
1010111000001010
1000101101111100
0011100000010000
1001100110111111
0010111111111001
1101101001111000
1110011100001011
1101101010111110
0100110100101101
1110100001000011
1011010111110010
0011100100010000
0101101010111011
1010101111110101
1011000001010001
1110001101011011
0111110110101111
0000011111010110
0011100000111110
1100110001110011
1011010111110110
1100011100101111
0000011110111101
1100000101111001
1001001001100101
0111101100110111
0000011110100110
0101110010001101
0100100110011111
0111010010011000
0001010000000110
0110100111011110
0011001001111110
0001011000110011
0001111011100011
1010110111000001
1111001011011011
1001101100010100
1010011010101010
1000101110010101
1011101100011000
0001111010101011
1111001101001100
0101010000100101
1011010111100101
1010001110001110
0110101100010010
0100000000110000
1111000000111000
1001010000001100
0010111111001101
1010000000011000
0110101001111100
0000011101001111
0001100001100110
1001111100111100
0101100011111000
0011100111010110
0010011100001100
0101011111100001
0000000010000111
0010001011000001
1111100101011111
0011011110111100
1111011111000010
0010110011010111
1110101100010010
1110111110000001
1010000010100011
0111110000110101
1111111010111011
1010100000110011
1011000101110010
0100011001010010
1110011100010010
0001101101000000
1010011100010101
0011111110110000
0000110010011100
1111010011110110
1010110010000011
0111101110010110
1111101111000101
0010001100010110
1111111001101110
1111011011101000
1010001001111110
0100100001110111
1000110000110010
1011100011011110
0100001000000011
1000001001010100
1011110100010110
0110110100010111
0011011101000000
0010010101111100
0100110010110110
1101001111001000
1010101001010110
1100011010010111
0101110101001000
0010011111101111
0000001100101011
0011100111111110
1000000100100000
0100110011000011
0001101010110001
0100110101110101
1110001000100111
1110011101101100
0000110000100110
0000101101110010
0100111001000100
0000101000000000
1110001010000111
0110111001000100
0010100001011011
1101110100011111
0011010100111010
0111101011111010
1101010100110101
0100001011101100
0011110111110111
1011101010100010
0011110011001010
0000001001101100
0101101011010011
0000111011010110
0010100001100101
0000000101111000
0111001001010110
0110111110010101
0001100011101111
0111101110110110
1011011011011001
0110010010011111
1010101011001001
1011010010011100
0010111000110001
0000000010101000
0010101101111100
0010010111010010
1100001110110101
0111111000011001
0011011111111100
1110111011111111
0000011010010011
1101010110001111
0010101100110011
1000101001110100
0110011001001000
0100010010011111
0101001001010000
0101011110011011
0110100000100110
1010101110111110
1011101000101011
1010100000000010
0011110110110001
1101111110001101
1110101000000000
0011110110111111
0011111100011110
1011010101011100
0000110110011111
1101110111001001
0001111010010000
1101110010110101
1001111000110001
1010011100100101
0111111011101101
1001011110000111
1001101110111001
1111110000110011
0101110011010101
1011011010001011
0101111010000011
0100110111000100
1110110110001001
0100001111100111
0110010001001010
0110010011000000
0100010101001010
1110011100010101
0110101000011010
1110000110010110
0010111110001001
0001000010001010
1011110100110001
1011100010011010
1001101010001111
1011100011011011
0000111101001011
0000010011111111
0011111000011010
1111011101001111
0100000011110001
0100110100101000
1011100001110100
0010001101101110
1111010110001111
1110100011010011
1100001011101010
1010010110111010
1001110100100110
0110111110001011
1001111111010000
1000111110101011
0011001101100010
1110100110000110
0010001010000001
1101010110110001
1001001111110010
0010100101000111
1111110111100100
1010000011110000
1101111101111111
1010110000111111
1111011101100011
1101101001100111
0111011110100010
0100001110001000
1010010001011010
1111100001101011
1001000111101110
0101100111110101
1001110000100111
0000011011001001
0011111011111001
0111000000110101
1100000011101101
1010000011100111
1011011110000101
0010100101101110
0101100001011011
0110001110001100
1100101010101010
0110011010001111
0110001111101100
0000100111000110
1011101010001100
1110110100000100
1000100000101000
0000100111100101
1101100101010000
0010011000000100
0101011010001100
1110000110011011
1101101100000010
1100000001110000
0101100100001101
0110010011001000
0000110000100001
0011111010011101
0101001110010010
1101111000100110
1000010000010001
1000000110011101
1010111110001010
0101011010110010
0100111100110100
0100110000000001
1110110010101001
1001101000111010
0100000100000100
1000001101110110
1001011101000111
0010110001111110
1100111101000101
1011001001111110
1000101000101010
1001110011010010
1011000000101110
0011111111001101
0100010001111110
1100011011010011
0101011111111100
0111011110110111
1010111110010000
0010000000101010
1101011010111111
1000110000001010
0111001001001101
0100101010001011
0000001101010010
1011011101001101
0011110001001101
1011100000011101
0100100101001000
0011001011000001
1010111010101100
0101110110010010
1110100110011000
0000010110011100
0110111011011010
0010111000011101
1010001100100111
1110010101110100
1000100011000110
1101100001100001
1111111111111111
000
1001011101
0000111100110
1100100011110000
0111011111001100
0100011111001010
1011100110011111
0111100010010110
1000111010110111
1110010000111100
0001001001100011
0001010101011100
0000101001000000
0010110110100011
1010100011101010
0000001110001110
1000001010011100
0110011001000000
0010011001010101
0100111000110010
1100010111100010
1011000111101000
0000001100000000
1110001100011011
0001110011010000
1000011011110010
0100001111100011
0100111000001111
1111100011111000
0001001011001100
1010001111000011
0101001011110100
1001000011011111
1111111101000011
0110010111100111
0010000100011000
0010011001110000
1001000100100001
0010100010111000
0011111111011100
1001011111101001
1011101111111100
1101101010010000
0010101011111100
0010001100100100
0111010111101011
0001010011101011
1111110101110101
0000000110100111
0010011111010011
1101110010100100
1000101011001110
0001111110010011
0111110011111011
0110111000100001
1000111101110010
0101111011011000
0010011111101100
0101000111000010
0101110101000010
0100101000110000
1011110110000101
1010100000100011
1110101001011010
1100011001110011
0000101000100010
0111100000000011
0010111100100001
1000010001010101
1011100001110110
0001100011010010
1010110001001111
0100110010100111
0011011110111010
0010001010110000
1111010000001100
0010001110011011
0011101111011000
0101001111010111
0010011100101011
1011010011011000
0110000001011011
1011000101000000
1001110011100101
1000101101101010
0100010110000000
1101111100011111
1110100000111111
0000001000010010
1100101100101001
1000100011000101
1001000101110000
1011101011011010
1101110001110000
1100001110100001
0111001101111001
1111101101010110
1100110010111001
1010010011011111
0110100011101010
1101001010010011
0111001011111011
0010011010111000
0101100001100111
0100111101001011
1011010110011101
0111001010100000
0011010000111001
0000000001011100
0111110100010100
0000100010001100
0101100010011000
0000011110101100
0101111100001000
1000101110001010
0011001001001111
0100000110101001
0011111011010100
0000100110011111
1010001010000001
1111010111110100
1000110110110111
0110101101101010
1111100000101111
0011000101000001
1110110000101110
1101111100100010
1011110001101111
1111001001111111
0101010001001100
0010001001101011
1001010110011010
0101101011010001
1011011111110111
1010110111111011
1101011000010101
1100111010001101
0101000000100011
0111011011001100
1001000011111100
0100010010001011
1010101000100111
1101001101010001
0000001001000010
1011001100101111
0110010110011010
0101110001100110
1001111110001101
1000011101010101
0001000011101110
1011110100111000
1101110110101111
1111010100100101
0101111100000101
0000110000100010
1011000111000110
1011110000111001
1100000011010010
1010110010110111
0001111011000110
0101100101101101
1101000100110010
0100100100100011
0001011000101010
1011110100111011
0001100111101111
0010001010111000
1111111010001000
1100100000110001
0010001100001010
0000000101101111
0000101000111101
1000010111011001
0101110001111110
1110000011100000
1001010011001100
0000011000010110
0001000001101101
1000011011101111
1111111011110110
1110010100001000
1110100101000011
0110011100000010
1111111001101010
0000100011010010
1110100011000100
0010110011011111
0011100000110000
1110101101100100
1001100110101010
0011001100101000
1001101110111110
0010100110000011
1011010101100010
0011001111001110
0110011010110111
1011010111111001
1001110111011100
0101011010110010
1000010011111111
0001101001010011
1000100110000001
1111110001000111
0001000101011001
1000111111010111
0101100100010001
1010000010111011
1110111110011001
0000100100011111
1011111100111011
1110011010111100
0011010011000011
0101011011000110
0100100000011110
0111110011011110
1101000001000000
1001011000010011
0010100110111010
1010110100011100
0101010110001010
0101101110101010
0111011011010100
1001010011100011
0100111001000011
0001011100000110
1011001111110000
0100110111110111
1001101110101011
0010010010111000
1100110011111011
0110011100111110
1111100111111100
0111011011110011
0000010000011110
1111010101110110
1011111110110111
1010111110001010
1011011101011010
1100011110011010
0011000000111111
1110000111000001
1101000100010000
1110010010011000
0101011001101100
1000011000011110
1110111111111111
0111110001100100
1110011100111001
1111001010010110
0111000000011000
0111110011111000
0111100111101110
1001110011011111
1110111100100001
0111101110111011
1110001000001001
1101001000110010
0000000000011011
0111101000010001
1111110000011111
0101010011001010
0010100001001011
1001101011110101
0011100101011001
1110010011001100
1010101010110000
0001001101110110
1000011110000101
0101101001111110
1110110001110010
1000111101001001
0111011101001100
0011001101000000
0101000011010011
0000011111000111
0111011100000110
1100000111010111
1000111111100111
0100011101001110
1001110000011011
0111110010111010
0100010111001100
1000000000100110
1011001110101111
1000111010100000
0110010001011111
1011101100010000
1101110001010111
0010100110010111
1111111010010111
1010100010101100
1110011100111111
0101110100100000
1100111010000001
1000000100001010
0110101110011011
1000010111110100
0110100101101110
1011001011001101
0100100110100110
0101010011101111
1010011011010011
0010000110101001
1110111010100000
0111101000100111
1010001010100101
0000011011011001
0011110100110101
1101000100011110
1011000011011000
1111010011101000
1010000110010011
1101010011011000
0110100001101001
0111001010001011
1110001100010110
0001001000101100
1000101010111010
1111001101010000
0110111100010110
1111101001011111
1011111101001110
0001100010100101
0100101110000011
0110010101100011
1010100100001000
1101110001101000
1100111000110110
0010110010001001
1100110001111001
0111010101011100
1100001101110000
1001110101111100
1000011010010000
0000001000101010
0111100010000110
0111001010011110
1111000110101010
1011110010000011
1101010110110100
1001111000000101
1010110010111100
1101011000100110
1111011001110010
0011010010000010
1000010010000100
1101110100011010
0010100101000100
0001111010101100
0000010001111110
0010110111111110
1111001111100111
1100011000001101
1000110010100111
0100110001111010
0011101000001010
0000000101000110
1010011110000010
1010111010110101
0101010110011011
0110101001111111
0010111010100000
1101000101011110
1010101001110010
0100000010011111
0011101100000001
1011101100100000
1100111101100111
0001110110010010
0010101111110100
0100011100000010
0000111101100110
0110011100110100
0111001111101101
0010011010000000
0010111011111000
1001100011101111
0101101010011101
1011000100101101
1011011101100100
1100100111010111
0001100000111110
0111000011001100
0010101011111101
0011000100000001
1001110010111111
1010000110001010
0110010010101010
1011100101010110
0000110101011100
0011111100001100
0101011111011000
0001000001011110
0001010110001100
1000010011000111
0110010110011011
0001111101011110
1001110010000001
0101100010111100
0101100101110000
0010101010000000
0010000110100110
1100110001000001
0100101011011000
1000001010010110
0101101011000011
0000001110110100
0000001000011101
0110100101011000
0000001110011110
1001110111100010
1111010001100010
0011010101000111
1010101000100101
0010011000000000
0000000101001110
1000010111001001
1010011011011001
0001011101011110
1101001110011100
1111010111000010
0011001101111101
0001001100010000
1001110000100101
0100000100011001
1011001000010111
0001101111110111
1100100001010101
1001110100101001
1111101001001100
0010011100111001
1101110000100011
1110011111111111
1010010001110010
1110011111100011
1110001011101011
1100101111010101
0111101011110100
1010001001110010
1011000000011100
0110000010100010
0100001011011101
0110010101011101
0001000000110010
0111110001010111
1110101001100001
1011001101110100
0001001110001100
1100111010000010
0101000100011111
1101000000110100
1000110011000010
1000100001011111
0101000101011010
1100000010000001
1011001011111100
0000100000001100
0101100111010010
0001010011011001
0110101011011101
0110001111001101
1110101110011011
0110011011101010
1001111010011011
0011100001010010
0111100010001011
0001001101001100
0000101011001110
0001011000000010
1111101110101100
0111010011001001
1110100110111110
1011001110101011
0010111001010101
0101111110100101
0111001101010000
0100101010100101
0001101100100111
1101010010100111
1000010100010101
0100100010110000
0001010010011011
1100001001100101
1110111111010101
1111110111111001
1011100111100110
0010101101011101
0111111010110110
0110111101001011
1010000101101011
1101010011101001
0111111010110110
1010101100000011
1000000000100111
0100000101000010
0000011111000101
1110011010111000
0011001101111111
0000010001011100
0011100011010110
1001101111100101
1111000000111000
1110010100001001
1000101101011100
1111100101011011
1000111001111110
1010110110001100
0011111100001110
0011100110001100
0010000001111100
0001100110101101
1101100100010101
1100001000101010
0111000001001100
1000000100011101
1111111111111111
111
0010110111
1011001110100
1100100101011100
0100110000000100
0011001100110010
1110111111001011
0101001100011011
1011110111010110
1010011001001110
0110001000100100
0100010010001111
1110100110111010
0011011101100000
1011000001100111
1101111100001011
0111000111000101
0001100011100110
0110010101001100
0101100001111000
0110010101111100
0000011010101110
0110111011001101
1110000110000111
1001001010010110
0100001111101011
1101011011010110
0111001000110101
0001001001110110
1011101010101111
0101100101010010
0011110111101011
0011111111000111
1001001000010010
1101001010010011
1110101001101001
1100001010111001
0011110010011001
1001110111001101
0110001100011000
0100011010100010
1101011001111100
1101010011011001
0111110001010110
1100101100110001
1110000100000101
0010000110110001
1011000100010111
0011101011110000
0101011100110000
0001011001010001
1100001001011010
1110101101101011
0000000011110111
1111111110010110
1010100110011000
1110111010010001
1101001110000010
1101100010111110
0010000101000000
1011100110000100
1001010000000000
1011111001010001
0011011001100001
0111000001000101
0111110001100101
0011111011101010
1101011010010101
0111000001101101
0111100111110100
1010010010111000
0100110011101001
1101001101110011
1000110001100111
1010101100001011
0000100000001100
0100001101100101
1000000110101100
1101100110000100
1110010011110010
1010110000001111
1100110111000110
0001101111010101
0111100011101111
0011110101000011
0000110110101111
0001000001011110
0111111111101101
0111111111110000
1001000000000011
1011001101111100
0100110001111011
1111100100110110
1000110011001110
0111101110100001
1011101011101010
0010111011010010
0111010001001101
1010110101000110
1000111010110111
0111001111111011
1001011100001001
1010010001001000
0000111101110111
0001000000000100
0111001110110011
1111000000000101
0101111000000111
0001100101111101
1000010111011000
0011000011001000
0000111101011111
1010100001011111
1100101000011001
1100101110111101
0101101100000001
0010001000111000
1110100000010100
1011000001111001
1001100111001011
1000100101011011
0000011011001011
0001101101011110
1111011110001000
0001100001010101
0000010100001110
1101010011110100
0111111011110111
1101100110111011
1101101111110010
0110010000010111
0100011000101000
1110001110000100
0011101110000011
0101111101100001
1111000001011011
1000100010011110
1110001000110100
0010100010101110
0001110111111011
1111000001010101
0100001100100011
0001111100111010
0000111101011001
1011011000000110
1100111010001110
1110110101100100
0001001001011000
1101110100110000
0100000101111010
0000111011100101
0100011101101101
0011011110110111
0011111011010010
1100000101010100
0000110010110011
1011011011000110
1001101001011011
0110001111111101
1000110111110110
0001111100000110
0110101110000001
0110111111010001
0000111011001101
0001110101100010
1100110000110110
0110001101101000
1111111110001000
0010110000000011
1000010110110000
0110010000101100
0000101010101011
1100010111000001
0010001100100000
0001111000100101
1000011010010000
0100111101111001
0000010000101110
0111111111010001
1011100111011000
0000111100010011
1000111110111000
1101100101101000
1000100011001011
0001111100001010
0010101011001000
0110110011100011
0100101100011111
0000011011001110
1110010000101101
1110001001111010
1011011110011100
1010001010101100
0011001011110000
1110001100100101
1111010011010000
0110100011110010
1100001010110010
0111101011111110
1101110100110000
0110010011100000
1001010111000101
0101011111100001
1001011001111101
1100110111001111
1111011010001001
1000010000111111
0001001111110110
0001001111110000
0011111001111110
0101100111110101
1100100001011111
1100001011111001
0110111100110001
0000100011000110
1010000101110011
0001001001000110
0010100111101100
1101010100011110
0111101100100011
0101100010100110
1111111011001110
1011111100000010
1100101111100110
0010110100011000
1100101000101011
1110010100011010
0111100100101010
0100010010011001
0100000110000101
0111101100100001
0001110010010110
1010110100010110
1101010110001111
0100100001100100
0111111010001011
1010111110100100
1100010010111111
1110010110010101
1100101010010100
1101111000010001
0010000010111100
1011110110011011
0110011000001010
0011111010001011
1011011110001001
1001001111011001
1001010011110010
0110010011011111
1111010111000100
1000000010100001
1111110010100101
1001111011000010
0011101100010111
1011101000101000
0110101010100011
0010000110001000
0101100000110110
0001110111111011
0111010100110100
0010111010110100
1100101100100101
0000010011011111
0111000110101101
1100111000100101
1001110011100110
1111000010001010
0000100110111000
1111010100010011
1010101101100001
1111010001001001
1000101001011110
0101001111110000
0111100001100100
0110110111111011
0000101010000000
0100111100001001
0000111010010100
1101100101000100
0111011001101111
0100111001000001
1001000110001010
0000001000011101
1000100100010110
0100011011011111
0100101100011100
1011111100111011
0101100011011011
1010101100100011
1100000010011110
1010110101000001
1000010001111101
0000101001000000
1001011100001100
0100011010000111
0110101100100001
0111000100010101
0010000110110111
1000010010001010
0111001001110100
0111101101111000
0101110111010110
1111001000000011
1110010010010001
0000111111100011
0000011001110110
1110000010111010
0010101011101000
1101001010101111
0000011010101100
1000010001101100
1100100110000110
1101000111101111
1110010000110100
1000101011010111
0001000110110001
0101011100101001
1101000001101100
0111011010010111
0001001010110010
0000101010101010
1001000000110001
0101000000000010
0110100010111011
1111111111111001
1010011111101011
1010001100111100
0000000110011010
0010111101011110
0101010010110010
0001110110111010
1101101111010010
1011110001000110
0001001011110100
1110010010111011
1010011011001010
1011101001110000
0101000111100111
0101111111101110
0011100101001100
1110111010101000
0010100111111010
1001000001000100
0111101001111000
1111000000010000
1010010001101110
0101010011110100
1111011101111011
0101011100110101
1000110101010101
1111001011011000
0101100010011101
0101110011110001
0001011001100001
1000011010110100
1111101010101000
0000110101001011
1111011011100011
1000000110010101
1010001101011010
1001101111101101
1010000000011111
0110010010000110
0111110100100010
1100000111010110
1010111100101100
1110011001111011
1110001000000110
0100111001111101
1100101010001011
1100111101111011
1000011011010100
0111110000010101
1110001111000010
0101001100110001
0111101111011011
1011110000000110
0010001111101111
0111001110000000
1011011000000111
0111010010010111
0100100001001011
1101000110000001
1100101000101101
1000111101011100
0111100110000010
1100100101001111
0011001000010100
1101100110010000
0000100001011001
0100111100000011
0101001110100111
1111010100000100
1011001000110100
1011001010001101
0011111110101100
1110110011011101
0100001101011011
0010011010101111
0010011001111101
1111110011010010
1000001010111110
1000010010110110
1111111110001000
0100110111010111
1110011001011011
1001001010111100
0101000000101100
1001000000111111
1101110100011000
0101101101011011
1101010001100000
1110101000011001
1011110111110000
0100011001001000
1001001001011000
0000000010000111
1111010001001010
1000111111011011
0110101010100000
0010110001000111
1110001101011011
0101001101001100
0011100010100000
1100000001011001
1001010111000110
0000000010011110
1111100101001010
1001100111100100
1110001101110000
1001111100100100
1001110110001111
1000100011100110
1011011001001010
0000001010011111
0000010010111001
0000001011010110
0100100100010111
0010000101110011
0111000101011110
0010101110011010
0010101010001001
1011101001000010
0101011011010100
0100101111110001
1011001111000001
1101100110110100
0100100101100101
0001001101111011
0000000110000110
1110110110001000
0111101111000011
0111001100101000
1101111100000001
0000010011010110
1001111100111000
0010010010001000
1001110101100111
1111010010111010
0101010110111000
0100011011111111
0001110111101100
0011001001010110
0111101100010000
0110001111000100
1100001111101110
1000010110110111
0110101110010101
0001000110100111
0010011111011001
1110110101111011
0000010001100001
1111010000000100
1011010000001010
1011000010000101
0110000001001111
1110000010000010
0011101001100100
0101101000000110
0110101011100011
1000010000110101
1111101101111001
0010001011100101
1100101111101101
1101001000100110
1011000101101001
1010000010111111
1110010111011110
0000110001000011
0010100111000010
0011001010111101
1000000110101010
0001110100010000
0101100001111101
0110000010011010
0101000111000001
1100001100101100
1100101101011101
0011011011010111
1011101100000000
0001101101101100
1010111010111100
0111000101111001
0000001100000010
1100110000011001
1100000000010000
0011110110100011
0001101000000000
0110010100011111
0111110101110101
1110000011000111
0111011100001110
1000000101111111
1000111111111101
0011000000100100
1111111111111111
011
1100111100
1001101000000
0010111011001010
1011001010011111
0101000110010010
1101010100011000
0011100001111110
0011111000001010
1000011110110011
0110010010111101
0101000100110110
0010001001000100
1001000000011100
1000011111111010
0110100000000110
0110010011010010
0011111110001000
0001101100110011
0001110001100100
1111111100100010
0110011000001101
0101001110111110
0110111010110000
1101010110011011
0110010110001000
0010000100101111
1100110100111000
1100101010100010
0110100000011110
0011100001011000
1100100111011011
0101100000110111
1101000000000001
0101100110011001
0000001100011011
0111001010100000
0010000010011111
0001010000100011
0100110000111001
0011011111100100
0110011000110010
0101001010101111
0001110101110001
0111100111100010
0100111111001000
1001011110110111
1100111111110011
1101010100111010
0111000110101011
1000100110101101
0000101001101011
0000110010011000
1001011100010001
0001011001110000
0101011101010001
1100000010110010
1100110010000111
0010000011000111
0111011001010101
1010110010001000
0111100101111000
1010001101101010
0010101110101011
0010011001010111
0100000000111110
1010101001111010
1001101011100010
1010010110000011
0000101100110101
1100111001100000
0101111011001001
1001010100111110
1001111100001111
0101000100001100
0101011110010110
0000101101011001
1010111111111111
0111110111011000
1011111101101011
0010000101110100
1110100111111011
1110100110101101
1110000101111001
0111001000110001
1100100000100010
1010100110101011
0101101100011001
0111100010100010
0111001001110110
0001111011001001
1001110000011011
1001111011011011
0111010100011101
1001101110000110
1010000010100001
1011001111100110
0101011011001100
1001000101100101
1111110111011011
1000110001000011
0000110000000000
0011001011100110
0001110101110111
1010111101010011
0010011111010000
1111010111110010
1010000111110111
1111010000110001
1100010010000011
1101101000100011
0010000111111001
0010111010010101
0100011110001011
1010011001100100
1010111011101100
0001000100011110
0111000111100100
0001101011011110
1000011010101000
1111101100001011
0100010011010001
1001101000100110
0110000100001000
0010101011100001
1000101101111100
1010011111011000
1100011110010101
1110000110110110
0110101100110011
0111101010000010
1110000111001101
1001001110111000
1011000100010100
1101010111000111
0110100101110111
1111000100110110
0000011000111001
0110000000011001
0101001011001100
0110100110010111
1110111011101100
0001011011010010
1001011011110001
0010011010010110
0110000110010011
0100101001101101
1001000111000001
1010101001101000
0011000001100001
0111100001000001
0101001010001110
0100100101110011
0100000000000011
0100110000110000
0101000010000100
1001101001011111
0010011000100100
0110100100111000
1111001110111011
1110111100010101
1001000101101001
0101100111011110
1101111101011011
0111101001100101
0000100010001001
1101001101011101
1101101010000111
0010011000110001
0010100110000001
1010101101110110
1110001100100111
0111010110011011
1111011001000111
0111100110011100
0001010101100101
0011111111100110
0000111010001001
1111110100010100
0010111110111000
1010010011000001
0110001100011000
1011110001000101
0111010100101110
0100010011101000
1010000110001000
0001111010011110
0101011100111001
0011110000100110
1111000101110001
0111011010111011
1110110000010011
1011010101101100
0101101111010111
1101000110100001
0100111110011010
0000110010100111
0100010001100101
0000001101110111
0100111010100000
0101100011111010
1100101101100111
0111010101101110
1101111010001010
0011100010000010
1100000000010000
1011000111101110
1110011011000110
1110010101010000
1110100011110111
1000010111100011
1111111000101110
0001101000100100
0010110111100111
0000110001010110
1110000001000101
0110101000010100
1101101110001100
0010110000010100
0100000111110111
1100011000000110
1101000101100010
1110011011100110
1100111000111010
0110100010101001
1110010100101111
0001011110111000
0000100011101011
1000101000011010
1000110100101000
0010000110110010
0110000110111000
0110001011010101
1111011101110000
0001010011101000
0111100011111101
0000111110100110
0101111010000000
1100111000010111
0010010000001000
0100000101100100
0101100010110011
0111100011000000
1100111100111010
0110110101000010
1000010000111010
0011001111001110
1101001010010101
0100000110111011
1000101001001010
0001100011111001
0101100100100111
1010001110110111
1111110011101100
1111100101101011
0100011101110001
1110111011111100
1000000010101011
0011101011011001
0011000010101101
0000001001110000
0010011110011101
0111010101010100
1001001001101001
1011101111111101
1011110010110001
1011111110100001
1111010100001100
1111000010111110
1101100110011111
0101010110111001
1000100101000000
1000111010000101
0001111101101111
0101011111010100
0101000111100001
0111110101101100
1110111011101000
1111010101000001
0111110010110000
1001100011101101
1101011111101011
1001010111010100
1000001010111100
1001000110010000
1110000001100000
1000100011111000
1111101000110000
0110000100001101
1001110001001111
1000111000000011
1001101101000111
1000100100000011
0101110101100000
0110110001110101
0000001010000000
0001011000100110
1011110100010110
0000011000101100
1100101111010100
1001100000100000
1110111101101011
0110010110001101
1111011100010000
1100011100111101
0000101111011110
1110000110101011
1011000010111010
0110010100111100
0110010100110000
1000100000001110
1111110101100011
1000011100011110
0110011000001111
1011110000011010
0111011111010111
0001011001010111
1100000101000001
0100000110100101
0110000011101110
1100111111101100
1000111010010011
0010110100111110
0011101001001000
1110110111010111
0011110000100101
0011001000000100
0001011101000001
1110101100100110
0101100110100001
1100010101011011
0011110011110010
1000011110100111
1010110111001011
1010110110010111
1000000010100101
0100100100111001
0010110000001011
1010100000011011
1101111010111010
1101101001101110
0100000001101010
1011001010010001
0111000110001011
0101101111000000
1110110111111011
0110111010100110
1110010100010001
0011000011011110
0000110000011111
1011110010101100
1010010100100011
0001001001110101
1100111001111101
1101000011110000
0010010001110110
0011111001001011
1101010001101010
0011110011011011
0110110110011101
0011000011010111
0110000001010011
1011000011010111
0011110000011011
0000010101100100
1000101100011111
1101101000110011
1111000010111001
1010100010011010
1001110011011111
1011011101111000
1101011010101111
0101000100010010
0111101001001000
1110101011011111
0111011101010100
1101100100000010
1011101000010010
0000011010110110
0101010100001101
1001111001010001
1001110110001010
1001000100011000
1100101010001010
0011110000111111
0101100010111100
0011010011110111
1100011100110001
1011010110111111
1110011011101000
0010100101010110
0100101001101001
1011101101000001
1101111010101100
1101101000011001
1001111010100110
0100110110010010
0110110001010111
1111001001101111
1101111000100110
1000000110001001
1010110001010101
0101011110001100
0010100000111001
0111001111101110
1000101001000000
1010100100010110
0000011010010110
0111111111001111
0110101111101010
0011010011011011
1010101110100111
1010111101010000
0101110001010100
0110011001100001
1001000100100010
0010110101101000
0010110100000110
0000000011101111
1110001101001001
1010101000111001
1011101101101101
0001000100001010
0111000100010101
1100101101111011
1000110010000111
0100100100010010
0110101101010100
1011110100000110
1100101100011100
0011110010101011
1011001011001101
0011111001111011
0101010101010100
1001110001001100
1100011011011100
0111101000000010
1000100000111101
0001000010111100
0100111010100100
1000101100010111
1100000000100110
0000010111111010
0110010101110101
1001111110011011
1111101110010011
0011111111101110
0101100010101000
0011010000110010
1111110100100000
0001101101011000
0001010101100101
0010111111110001
1101001111000100
1101101100100110
1010011100110001
0111100010001000
1001001111111101
0000110010111111
1111000100110110
0100101011101110
1001110010111101
1111010001100111
1011101001111000
0010111011100101
0001011101111001
1011001111001000
0011111010101011
1000100101111100
1100010100000110
1000001011010111
1010101111011111
0000010010011110
1000001010111001
0000010001101110
1110101100010011
1100111100100011
1101010101001010
1111010010010110
0000110100001101
1100101110111001
0111001110000011
0010101010001001
0101010100010010
0111000101110001
1011001101111101
1010111111100000
0100011111001010
0100001110001100
0011000001110000
0100101001111110
0110100011111000
0001000000001011
1111100000110010
0010100010111110
1110011100101001
1000001010111100
1011111011000010
1110101001000011
0000001010110100
0110001100100101
0111001011011111
0101000110011011
0111000110101001
1101111101111010
0101010100101001
0001101011100110
1000011100101111
0111011100010100
1111111100101110
1011000101011010
1100110010111110
1011111110110000
1111010110001111
0010110111011011
1111111111111111
110
1111011100
1111001010010
0010010111111011
0110110101001000
1100101011011010
0110110011000111
1110000000100011
0110101101111100
0111101101011000
1111001111111101
1010100011011000
0001000000100010
1001011101001100
0001100110100011
0111111100101010
0100000111101100
0111110011110000
1110100011011100
0011100000100111
0010100000110001
0000100100100101
1101000111000001
0000010110011011
1010001101111110
0100100100110011
1001111000000101
0001111110000010
0010000000010110
0100101010111110
0000100111111001
1100101111001001
0111111011011001
0101100011100000
1000000001011101
0011001010001010
0101100000010110
1111011111111001
1000011000111100
1100100010011001
0101011001110111
0011010111111100
1011100100000110
1111111000001010
0110110011101011
1000100111111010
1010011111100100
1100000000100000
1010011101100001
1000001101100111
0001000100100001
0110001100111110
0110110101101110
1011111000111011
1010010010110001
0100011100011101
0011100010110010
0110011000010000
0010101111000000
0011000011011111
1011100100111101
1011011011001111
1010000110001110
0011111100001101
1101000110010000
1110010011101111
0101110001110000
1010000001000101
0000010110101111
0110000111111100
0100011010110111
0111100111011011
1100010011111111
1101001010010100
0111001000100100
0011110011101000
1100111111010111
0111110100111111
1010011000111011
1001011011100000
1010110000101100
0110011101011101
0100101000011010
1010000000011101
0101111010001011
0011110100100111
1000010100010100
0111110011110100
1101111110100010
0100010110000110
0011000100010101
1111000001011100
0100101111001100
0001110100100101
1011100001011001
1000100011011111
0100001011101101
1001100110110000
1000101110101110
1111100100110100
0100111110010000
0011000111111011
1000110101100010
0011100010110010
1110100100010011
1011010100110011
0100100100110100
1001100111011101
1010101101000111
1111101111110001
1110000101110011
1010110111010000
1001101011100100
0011111010110010
0101001011000000
0111111000100000
1001010001110101
1011101011101010
1100010010111101
0100010000111111
1010010010011010
1101110000100010
0010011110010010
0001010010101011
1000101001101100
1111110100000111
0000001110000010
1110101110110001
1110110110101111
0010100111111001
1101000000000000
0001011111111011
0100010111100110
0000110001011100
0000101101000011
0011001010110110
1111100101010010
1110010011001001
1000001110101111
1110011111101110
1100011011010011
1111011101000000
1101001110010100
0011110000011011
1110110010001001
1110001110001110
1101010001011001
0000010001010010
0100111010010001
0010001111111101
1101000010011101
1111001001111101
0100101111100111
1001100100111011
0000110011000001
1000011010111110
0100110111011001
1111110000101011
1100011101011110
0011111101100010
1110001000010001
1010000011010100
1011001010000001
1100010100000100
1100000000101110
1001000001001000
0101000000101111
0110001110000101
1000011010100110
0101111010011101
0110010001111010
0110000111000110
1001000000001010
0000111001011110
1011100100100100
0001101001011111
1000111010110011
1110110011001001
1111111100111110
1011101001001110
1111011000001100
0011000001101101
1110010101110000
1000101110010000
0011111110001001
1010000010000110
1110100011001101
0010000011010111
1100010111001011
0101100001101100
0000011111100000
1100111011111001
0001101001100111
0011010100100110
0000111000110010
1010001011010000
0101011100000011
0001000101100101
1110111101000010
1001011100001110
0010111010010010
1110110000010010
0001100010001111
0100110000101010
1000101010000000
0001001011101001
1011001110000110
0000010100110100
1011010111110001
1101100011101111
0111010101000011
0101001000011000
1001011010110001
1101001001010100
0010101011011000
1001101111001010
1111110000111111
1100011011101011
1000101100001101
1101011001010010
0111101010010000
0100111101101001
0111110110010010
1011001000011100
0110110100010111
0011011100011111
0111111010110010
0100011100100011
0111100010000011
1110101111100100
0111001101111110
1000110000110100
1110100010100111
1011110001001001
1000000111110100
0111110001110101
1110010000010010
1100011111101001
1011011001010111
0100110001101000
0100101110110000
1000000111001101
1100110110100111
1001010011010010
1000000011010001
0100110111011001
0110100100010101
1100001001001011
0000101001011011
1101101111101101
1111110101000001
0101101101100101
1000101110101111
0000111010010001
1100011111110001
1100000101011111
1111110000100011
0100111101000100
0111011011100001
1001000111101101
0111110000101100
0000110000000101
0100000000000110
0110100010010010
1100110111000100
1010100001110001
0000010100110000
0100110100011000
0100100001111101
0110000111010010
1001000001011010
0000010110010000
1110000001110000
1101001100101000
0011001001001111
1110111100011000
0010111101101111
1110100100101100
1001101001111111
1000100110111100
1000110101101110
0010000111001101
0100110101010000
1010001110101010
1111100110010101
0010010111010101
1100110100110010
0101100110100001
1001111000000011
0001011000010010
1011110000111101
1001110111110010
0110001011010000
1001001100110001
0011110011110010
0111100010011100
0110100110010000
1111000110100010
0101000011011001
0100001101010011
0101101001011010
1100100110010100
1010001111110010
0010111111011001
0100101100100111
0010111101001010
1111011111100000
0111100011001000
0111000001111010
1110011000000100
0010101100010101
0110111111101010
0000000101101111
0101100010100000
1000010111111110
1000001010101001
1110111000001000
1100111111010001
0010110110001111
1011101100111110
0100010010011011
0001100101000010
1100110011010000
1001100011101110
1101010110111011
0110010010011010
0111110110000110
1110000010100110
1000111110101011
0101010000110111
1111010111111010
0001000001101111
0111111100110101
0100001000010111
0011100110111001
0011100110001001
1000010010101000
1110110010000011
1001001101110011
0000010111100100
0110101100000100
0110010111110000
1111100010100010
1100111001011110
1011110111000111
0111010111111111
1111000010111110
0000111100110011
0000011000010101
1011110110100001
1100010101110001
1010010010111010
1011100101011001
0000001111101001
0000011110010100
0100100000111000
1100111101010100
1110111001111101
1000101001100001
0000000101100101
1110101000101100
1001101101101111
1011011110101011
0010110100011100
1000100111101001
1010111001100100
0011111000101010
0000001011100010
1100100111010111
1010000111101101
1010000100011111
0001110000001001
0100110000100001
0100010010100111
0000101000011101
1100011011010000
1010100100011001
1000011111011100
0111001100111010
0010001010110111
1111010100001001
1000101000101000
0101100111000110
0001011100100001
0001001110100101
1011101100011110
1101010011101010
0000000000101110
1010101000100100
0010110110011101
0101000101001010
1001110011011110
1010011101100111
0100111010101001
1100101001110101
1100100101000010
1101110110101011
1110000010010101
1000001011001011
1001010000101010
0010001111100111
1101100001001000
1101110000001001
1110010000100010
0011001001010101
1000011110011101
1011100110100001
0111011111101110
0111001000100100
0110100011111000
0000101110101000
0011010001101011
0111000101001111
1110010000110111
0001100011110100
0010111001101111
0110010010101101
0111000110110000
0111010010100011
0100110101010001
0110001010100111
0100011101110101
0111010110101001
0011100000000000
1100010111000010
0001100011101010
0101000111100010
0101111011101100
0001100011111001
0111011110000111
1010100001011001
0110010011000011
0010101110001101
1010111101101000
1001111010011001
0010011100011111
1010010101101000
1011011111101010
1110111010001011
0001101001110110
1011010000111101
0011010111110001
1001010110000110
1111010000110110
1101001110100110
1001100111110001
0110001010001010
0010110011010011
0000110001001000
1100000011000110
1011110010111000
1100000110011001
1011110010010111
0011001101010100
1110100001000001
0001101110110101
1011000100100100
1101110100000111
1010100101111111
0000010001001000
1111000001010100
1101000001110101
1111010001100101
1111000001001001
0001001110010101
0100011111011101
1010111011011110
1001010011110100
1011011101111000
0111101110111101
1101011011001001
1000110100011110
1000110101110001
1001001111000100
1000101100110110
0010011110110011
0101000011000000
0100011010110000
0110010110101100
1001011011010111
0000101011011110
1000011100000111
1001010100101111
0001111010110100
1110001011110011
0100111100001110
1101001010100011
0111000010010000
1011010110010000
0110110001011100
1101001011000100
0101011100011001
0011000011110111
1001110110101101
0011101000101001
1010011011000110
1011010010101001
1111110111111011
0011100011010101
0100101101101111
0000110101100100
0101110110110011
1100010100100000
0000010001010100
0110100001101001
1000110010101011
1001001010101111
1011100000100111
0001011111101110
0010001001110010
0111010101101100
0010010010010110
1101110001010111
1010110101011011
0000000000000001
1111111111111111
010
0100101101
0101101011101
0001101011000110
1010101101010111
1111001110000101
1010100000111011
1001110011000000
1110010101000111
1110101011111111
1010100001110101
1000100010100100
0100100010011111
1010101011000010
1110010110100001
0101111101011101
1110111010110100
0000011110110001
1010110001111001
1111010110110111
1111110001110100
1011001000011101
1111010001100110
0101101001111000
0011100001101000
1010100010110000
1011100000000110
1101011011100100
1000000100110010
1011011110011110
1001001110011100
0101001100000100
0001110100100011
0010100000100010
0101101010111110
0010010001010100
1010011110100010
1001100000101000
0000101111110000
1010011011110110
0110000111110011
1010010010101100
1111011000100010
1001000011100011
0011101000111101
1011111000111110
0001011010101011
0000111100001001
0110000001010000
1001101000011010
0110111000000111
0111010010100111
0111110101011110
1100010011010101
0010111001000110
1111001010011100
0110111101110100
0100101000011110
0100101100101010
1110011110110011
0001010101000001
0101100000001101
1010001001010111
1001100010000011
0010110000101010
1011011100101000
1011000111010000
0101000101101001
0001011010011111
1000010010101000
0101101111000001
1110010011110110
1000100100101000
0111111001111011
0110010100110100
1000100000000000
1000010011011101
1110001110101010
1001110110011011
1011000000111011
1000010110000011
0100010101001000
0001011000100011
1001011000111000
1111100111110011
1111011101001000
0011110101100001
1000000001001010
1001010001110110
0100010111011011
1010110101111110
0101100010111110
1001001110001001
1001010101101100
1101100011011011
1101010100100110
0011000010011001
0101100011101111
0111110100010100
0000100000011100
1011111110100011
1001001001111110
1111110011000110
1110110101000100
1111110011011001
1100111101110001
0111111111000001
1110100000101111
1100110001100101
0010001000100001
1110101101101011
0000010011011010
1110110000000101
0011100011100011
0101111101010110
0110010100111100
1000010010100010
0110110110010100
0100010011101011
0111100110101101
1101011001000001
1001111011110100
1111110001001101
1110100011101101
0011000111000101
0111001100001011
1011110101100000
0110001110101001
0011100101000110
0110110100101101
0000010100000011
1111100110011101
0010111100000101
1011101111100111
0101001101100001
1111011001111100
0101100001000111
1110011010011101
0100101000010101
0110111101101000
0110001011011000
1100000111000100
1011010101000100
1111001100110001
1101001110010101
0010011011000010
0001110000110100
1001010110010101
0011000010100101
0001000111111110
0011110101110101
0010111110000111
1100101100011000
1011111000100100
0001100000100100
0000101101100001
0001010011011111
1000010110101110
1011110100011010
1100001010110101
0110110000110001
1011000011010110
0100110100000100
1000100110000011
1000010111111001
1001000010000111
0010111001110010
1011011000111011
1101110111000100
1011111010111110
1001100011010100
1110111011001011
0000010101111010
0011111011110001
1011010101000100
0110010110110110
1010111010100101
1100110110010101
0111011001000100
0101100110011001
1100001011110111
0000101001010000
0110110111001100
0111111111000010
1011101000111001
0100111111101001
1100101000001010
1001010001111010
0001011010111111
0001110100010100
0001011001000000
1101010000001011
0000101000011110
0110001000111101
0010011001101100
0111000011110001
0101111010100101
0010010000110001
1111011000110010
0111001110000000
0000011010011100
0111110100011110
1000101101001000
1001001001111000
1101110001100111
0010001110110010
0001010111110101
1011001111010101
0100111000010101
0100001100010100
1000001111000011
0000000011100000
1000100001111110
0110111100100000
0111001011000011
0101111100000001
1110101111110000
1011111111110111
1011001101000010
0010111010010100
1000000111100000
0000001111101101
0111011010101011
1100010001100001
1010111010010100
1011011111110010
0010000011001011
1000001010011011
0010111011001100
1100001111011010
0010000000100110
0001110110011101
1111010101100100
1011000101001111
1011101111100101
0100110000100011
1111110001010000
1001011010110111
1001100000000011
0110111101101000
0100001111111101
1110100111010111
0001001011100011
0111001101111000
0001000100100101
1001001110011011
0101011100011110
1010000101111011
0011011001011010
0111101110001000
0111001110100101
0010101010011001
1000010001010100
0101111110011011
1001001000101000
0111011001110101
1010011100111001
1010101001111001
1110101100011010
0101100001010001
1000111000000001
1101111110111100
0011110011001011
1011100101110000
0100110100101001
1011000011011110
0111001101011010
0000100010111110
0111010000111011
1110111100101100
1111001101010011
0000001010100000
0110111100111100
0001001010001011
0111001011010101
0000011110000011
0001101001111000
0011111010000110
0101011100110011
0100010001010111
1101111101001000
0111010111110000
1011001110001010
1101111111110001
1010011011000111
1011001110101000
1001100010110100
1100000000011101
0110001100000001
1111011110000110
1101001000101000
0011100111101100
0001001100111111
0100011101000100
1101001000110111
1110111010011000
1011100111011000
0111110111101011
0011001101110001
1011111010001011
0001011011000101
0010011110000011
0001100111100101
0010101000110011
1101001001101001
1110010111101110
1111100100010101
0001000100101110
0100011000011001
1011001101111101
1011111101100010
1011000111101010
0101101101010111
0110111100100100
0100010110110100
0010010010010010
1111001010000110
0010011000000111
1111000011011000
0010111010110011
1011110111011011
0110011001101100
0110111110101010
1110101001100010
1010001101011101
0111010110001010
1101001111111111
0101110010001111
1011111011111110
0011000000111111
0001101010110101
0001011101010001
1001100001100111
0100111011110111
0111110011100110
0110000101010000
0101000000011101
0000110011010110
1111101011010000
0100010011010101
0101111101110010
1000111010101010
0001110000001011
0011100000101000
1110100000001011
1101101010010111
0110010000000000
0100110111111001
0110100011010010
0101010100011000
0101100111000101
0000111010111101
1010110111011111
0011110111101100
0100110111000011
0101000000010100
1101000110010111
0001111010010110
0001010110110110
0001101001100000
1101101000000010
0010000010101001
1011110010101100
1001100101100011
0101010000000001
1011111101010110
1100101010111000
0001001100111111
0101011000010101
0011001100001101
0011000001111001
1110101100010101
1111100011110010
1101000110110011
0100101101100001
1110101000011010
1110011011110010
0000110000001001
0111010101010100
0011011010000100
1010111001011001
0010100001001110
0001011111100010
1000010110101001
1011000100110011
1010101111100011
1011011111111100
0101110100110100
1001101111100110
0000100101011111
1001000111010011
1100111100001111
0101001001011001
1111100000001010
0101000100111001
1011110110101010
1101001110001101
0101100001110011
1001100010011000
0001010110010000
0100101000001011
0111001111001001
1111000001000011
0011001101101010
1110110000001010
0001110111000010
0010100011010001
0110011100110111
0101010010001111
0110001111011001
0001000110000001
0101111010001110
1100100010100100
0101110001111110
0100101011011101
1010010011100100
1110001000010000
0110100001000101
1111110101111111
0101001010111100
1000001101011100
0001110100011011
1010100101100001
0101111010001000
0011111100110011
0011110110001001
1111110000101011
1000001011000110
0010010000001110
1000111101101110
1100010000110110
0100100001101010
0110000100111110
1000101110111010
1100111010110000
1110010100010001
1011011110010000
0010000011001110
1111110001000010
0001011000100000
1000100011011100
1101001110000011
0010111000011101
0111110000100101
0001110010110110
0101001100111100
0011001011000100
0010000110101100
1101000001111110
1000001011110100
1111100110001011
1001010011000101
1111101110110011
0101101100001101
0010010110000001
1111011000111010
0011000000111101
0001110011000010
0110001100000110
0110011000110100
0101111110010110
0000100101001110
1010010110111110
0101111101110111
0001000100110111
1001001100000101
1001101110001011
1101011000010100
1010101000000101
0110111110110011
0001000000100110
1110000100110011
1101101100101101
0100110110110100
0111101111011001
1110001000010010
0111011000001111
0110001100010011
0001001010111000
1110110000001101
1000011111101011
1101111110011101
1011000100010111
1010010010011011
0100110110001001
0111100000110001
1001011000110011
0011011011001010
0110111011101000
1000000101111010
0001010001000000
1001000111011111
1011111001100101
1010010010101010
0100100001010011
0001010100011000
0110110000110100
0000110011111011
0111110000011101
0001111111110111
0101100000001001
0000110110001001
0010110100010111
0101001100001100
1100010000111101
0100011110101011
0111001110010100
1001010000011100
0101100101110101
0001011011001000
1010001110001110
1000110101011111
1111100000000100
1001100000001111
0100101100111101
1111111111111111
110
1100011011
0001110000000
0010000111010001
0110100010010011
0111111110100001
0100001111001011
0111100011010111
0110010100111010
0101100110011100
0011111010010010
0010001000000000
0111011011000100
1011110101101000
1000110101101011
1100010011111100
0110011000111110
1111010000001010
0010100111110101
0010001001001011
0000010100011001
0100100110101100
0110110111111101
0110100111000100
1011010111110110
0001001011000110
0001111111010010
1011100011001101
1000101110101110
1101101001101001
0100101001001111
0010110010100000
0001001111101111
1011101001000101
1000111011010101
0101010101110010
0101001011000101
0011000010000000
1111001000101001
1011111100011000
0000011011111110
0111011001111110
0010000011100100
1001111111011000
0001011001110011
1100111100101100
0000000110100010
0111101101110100
1110100010101011
0100101011100111
0001010011000111
0110010011100011
0001101010010010
0000110001010000
0001101011101111
1111111100010100
0101000000001010
0011110000011000
1110101111110101
0111111000101010
1101110111110010
0000000001100010
1010011110101011
0110110111010011
1001011011001101
0101010011010010
1101001101010011
1001011000101111
0101100101011110
1001001001001001
0011011110111000
1101110100110111
0100010010010001
1011001010100011
1000010111011001
0011010010110111
0111000010001010
1100100010101001
1010010010000111
0010001101011010
1110000000000101
0011110000100111
0000010100100010
0010010100000111
0011000110000110
1011010100001101
0011011111110111
1001110000100111
0101010101101011
0001000011101010
1000110111111010
1000110011000111
0010010111101100
1111100101101110
0000010010000011
1111111011110000
0010101101001111
1110010001100111
0000111101001010
1110100000110100
0000010011101100
0100110101110110
1001101001111001
1011100110100111
1001011000100110
1100011100010011
0111100111011111
0110101110001110
1110010101101011
0010110000011001
0111011110001110
0001001111111001
1110010101011111
0001010111010000
1001010000011001
0101000001011111
1011110011010100
1100001110101110
0000110000000001
1011101010000111
0110101011111011
0111001011000010
1111000010011000
0000100110100110
0111111001111110
0101110011110100
1111110110000000
0010110100011111
1000101000010011
0011111001111010
0100100111110101
1011111100000111
0001010101000010
1101010010111011
1111101100110000
0000001110011010
0110001010000011
0110010101100111
0010000101111111
1001101110110100
1001000101001001
1011111010010100
1111100011000100
1110000100101101
1011011000001111
1110100101110011
0110011000000110
0100011111000010
0011010110000000
1000000100011010
0011010100101100
1011001101000011
0100111101100000
1111110010100011
1010010110101101
0101101110001000
1111001111010101
0010011101111010
1000101100000110
0010010101011011
1011000011101010
1110111111100110
1100110001011110
1101000100010111
1000010110110001
1011111000000101
0001001000100100
0011010100000011
0011100111101100
1000111101100001
0110101110101001
1110100111101001
1001000110010000
0010001101100110
0110101011110111
0100110011010111
1000001001011110
0111011110000001
1101110011000100
1001110000110101
0100010101010000
0010100100001000
1010011000110110
0101101000100000
1011110101100111
1010010111010000
0101010100000101
0011010000100001
1011110100101110
1011011101111011
0000000110011111
0001010001011001
1110000110110010
0101010001010110
1101100101110111
1001010101010001
0011111010101001
0111101000011111
0111010110000010
1101011010100101
1000001101011100
1101010111010001
0011010111100010
0000011100111111
0111100000010001
0011011110101001
0010000001010110
1000000000011110
0010110010000000
1001000110011111
1001100001100010
1100001010011000
0011100100110000
1110100010100010
1000110010100001
0001001111110010
1110101101001011
1011001010011100
0110100011111101
1011011111110000
0101111110100111
1110001010110111
1000001110100001
0111101100001111
1001011011110101
1100010101111100
1101001111101001
0100111011010001
1011100101100011
0100111001100110
1111011011001101
1101101100101011
1111010001101001
1011000101010011
1100100000011111
0111101110110101
1110001100110001
1110001010110000
1110011011000111
0011110111101111
0001001010001111
1111011001100101
1011000100111111
0000111001111000
0011011101101010
0000101100101011
1100010000000001
0100001101101010
0111110111111011
1010101101010101
0100111111010100
1101100010011001
0101010100001010
1110001111011110
0010101001001101
0111001000010101
0010101000010011
1011011101100100
0011100101111110
0111001100111011
1010010101010100
1111001011111110
0111110110101100
0111101011011101
0000001000000100
0100101100011100
1011011010010011
1111100000000001
1011011011001110
0101011000101111
0101010110100100
1000000110010110
0111010000111101
0100001100100010
0010110001101011
1101100010110111
1100111001000110
1110110100101011
1101101010010000
0010110101101011
0101010010001011
0111000110101000
0100110010100110
0000100111000110
0100000101111101
1100001110000100
1001010111100110
1100011010101010
0111011011100010
1100100110111000
1110101011001011
0011001010010101
0100101111110101
0110001111011100
0111100101000110
1001010111000000
1001111011111010
1110011101110001
0011001010101110
0011110111100101
0111101111110101
0001010011001011
1110111001011110
1101001100101111
0011011111110010
1011011001011101
0101110110010110
0000111101100010
0000111010000000
1010000111010001
0001001001000110
0101001111001000
0110111101110100
0011000011100101
1001100000000001
1110000111111011
0101110010111010
0000111000011000
0011001011010010
0110100110110000
0000010011011010
1101111010101101
0001000000011001
1000100001000101
0010110011001001
0100001011000000
0000110111001101
0100111100100110
0000010101101011
1011010011000001
1111011011100010
1101010000101000
1010011001100000
1010101010111111
1110111100111001
1101010011011111
0000100101101100
0111010010100101
1110001101101110
1100101001110101
0101110111011011
0001110100011000
0000110110001010
1110010101001110
1011011101110111
1111111000000110
1111010001011010
0100110111001101
1001000001101001
1101101101110001
0001011011111001
0101111100001101
1010100100010011
0001001011011010
1110011010110111
1110010101110100
1100100000001010
0100011000110110
1101111001011010
0011000011010100
0011100110001101
1100010100000011
1011000101110110
0011101101011111
0101000100011100
0000111111011100
0101100110001110
1110010000111111
1010011000101110
1001101111100000
0000011111011001
0000111110101000
0011011010100110
0100110100000110
0110001010111101
0111100010010101
1000110100011110
0111111111001010
1011100110100100
1110011101011100
1100101110111011
0110011001100000
1010011010101001
1110100110101010
1110000000111110
0110011011001001
1110111010000111
0110010000000011
1010110011100010
0010010010010100
0010111100010011
0011011100011001
0011111010110101
1010100110101001
1111001010101011
1111010111011010
0100001110001000
0010000100000100
1001010011111110
0110111010011001
0100011100101001
1011110111111000
0100000110100000
0110011100111111
0011110011000111
1010010010101010
0010011101110111
0011100000011100
1111101101000101
0101000001100000
0100101100001001
1010001101001100
1010110101001100
0101001010011001
1101010011111000
1001001000110011
0100110101100001
1110010010100111
0100011111100010
0111101111110010
0000001101011011
1100000011110111
0001111010101001
1010111100010111
0000111011001001
1111110111101110
0000001011011110
0110001100000110
0000011010000001
0110101000100101
1000001001001011
1100110110000110
0100000000111000
0011000110000011
1001101110000000
1000101011101000
1100111100000111
0011011001101010
1101011110010010
0101001001001011
0110111110101010
0011110010101111
0110001010100001
1000011110101000
1001011011111000
0001011011101010
0011100010110001
1011010001111000
0001100001000001
0110111111010011
0111011001000000
1100100011001111
0111100001110101
1010001000100111
0000010011110111
0000000100111110
1000110111010110
0101010001000011
0110001010011110
0101011001001110
0110010001100100
0001101011010110
1100101001011100
0100111110101110
1011000000010011
0110011110000101
1010011001011010
0010001011100010
0110101101111110
1000011100100111
1010101010000000
1100000111011111
0011111101100111
0100111000100011
0010000011000010
1011100001011000
1101110111111101
1011001001010011
1000111100101100
1010111110100001
0101100111111011
0011010011011101
0101010101011001
1000010001010101
1001110101111111
1111010111101100
0100111100011110
0000110101010111
0110000000001111
0000100011110111
1110011010100011
0110100000010010
1111111001101110
0111110111010101
0011100011111100
0101111001010001
1001010110011010
0100010011000001
0000011100011000
1100111111000101
1100101001110101
1010100111110010
1011111100010100
1110101111011100
1001110110101001
0101010000000100
0101001011011100
0000110111011001
0001011100100011
0101000111100010
0100101010111101
1011011001001100
0000100110001110
0100000001101111
1100100010000000
1111111111111111
011
0000101001
0000000100100
0001100101001100
1101000011100100
0110100101000100
0001011110110101
1110001001000001
1101000100111101
1001010001001001
1100111010001000
1110010110000000
1011000011100101
0111111011111110
1101101011010000
1110001110001001
0101010000010001
1110111110011001
1110101101000001
1111101010101111
1101001101010110
1001110001110001
0011101101111011
0110000001100011
0001000111100110
1100110000101001
1000010010010011
0111111010100001
1010000001011011
1100111010000100
0011101111110111
1010000010010001
0110110110100010
0011101101001101
1100110000001111
1000000011000011
1101110000011011
1010110000010000
0000011100010011
0110011000100101
0000110001001110
1001000100101001
0000100110011011
1111111000100001
0010011101000010
1001111001010011
1001100110010111
0110111111000010
1000110010110101
0101110100100010
0100110011011001
1000001010011000
1010110001100110
0111011011001111
0010010111010010
0110111010000101
0111110111001001
1110011001110001
0011011001110010
1000111000000000
1100101011101111
1010000010110010
1000010111100011
0011011010111011
0001100001000001
0010110110100100
1100101011111111
0010110011010000
1101111110111001
1101011100101001
1100100000101011
0110101011000001
1000100011011000
0001000000001111
0110110011100101
1011100000010011
0011101111111001
0111100110001111
0101100000110010
0010111010011001
0101011000110011
1101111001111000
0110111110000010
0111011101011010
0001011110100100
1110000110000100
1101100001010010
1010010010111111
0010110100011011
1110111011110100
1101010111011100
0101011110100011
0000010000101111
1111101001011101
0111111001011000
0111101101110011
0011110000101000
0110000111100101
0111111101000100
0100001100111100
1100011101011000
1101100010001000
0011011100100100
0111001000101100
0110101110010000
0010101100011001
1001110000011101
1110101010001001
0101101000010100
0011111100010001
1011101110000101
0001111011101000
1110100101001110
1111110101111111
0001100010010101
1001001001011010
1001001001000001
0100011101001000
0101001011000010
1101011111010110
1000111110110001
1100111011100101
0011100001101001
1011100110111011
0000110101011101
0111101000010111
0100001110001100
0011101111111000
1111011011111101
1110111011110001
1111010100010110
0111111110001110
0011101101110010
0101110011001011
0101000001111110
1101100110101010
0010010100010100
0111111100101000
1000101101001010
1110101100000010
1100010000100010
1100101001010011
1111001111000101
0110100000101101
0000001110011111
1110111100100011
1110111001111110
1000110110110110
0001011000110010
1111100000011111
0101000000100100
1010101100110001
1010100001100001
1101100100001010
0011101110111010
1010100110100111
0110010001101110
0110100110110011
1110111010110101
0010010100100111
1000101110000010
1110010010000001
1001000000001111
1010010101010100
0100011001001101
1001000010110000
0011111011011000
1001001111000111
0010110101110010
0001010001000010
1011010001100000
0110101110101110
0011000110100101
1010011101101101
0001000010000000
0110011000011010
0000011100110010
0000011111100010
1001111101110011
1101111100001111
1010000010101000
1100111000101001
1000100110101010
0100011110010110
1011110010010111
1110101000100110
0011111101001011
1000100101001001
1001111000100111
1100110101110001
0001100010100100
0110011001001000
0000101111000111
0111001110001110
0010001100001100
1101001001010001
1001010001111101
0010110001111010
1011001010000100
0100100101110010
0100110101100010
1100110111000010
0110110100011100
0000010011111111
0000000011001010
0110110101101101
1111000110001000
1001011111110101
0010100011101101
0001011110001011
0101110110100110
0101011001000111
0101101100110101
1100001100101101
0100010000111001
1000111000001001
0110111110011101
0000010010011110
0111011010001011
1110100100110100
0011111100000000
0001011100001001
0010010001001010
1011111110111011
0001101011011000
0111101000110111
1101000001001111
1110001111000000
0000111101001111
0100111001001101
1111100111011101
1111110110110101
0101010010000100
0100100010101110
0110100110000001
1011001000000000
0111000100001100
0000010111101101
0010100101010010
0000100110101100
0011101001111011
0000100011110000
1100101100101100
0001110110101101
0110001010111101
0011011010000000
0111001101010010
1101101000001100
1110000010101011
1010110000100111
1100011010010111
0101010001111011
1000111101110010
0001111001010101
0011010011101011
1110100010100000
0000011110100100
1100010000111111
1111010011000011
1001110000110010
1110100100101110
0110000011100110
0101110010000011
1100100010011101
1101111010100010
0000100011111100
0001010001101001
1101111110101111
0010011010011010
0010010111011001
1001101001100011
0111110111010000
1011010110101111
0101000000011100
1010000011011011
1110101111000110
1001110011011000
0100000111000011
0011000100001101
0001111110011000
0000101101110001
0111111110011101
0111011100001101
0010001100110111
0100100010001110
0110110110010101
1001101011000010
1110111100110001
0010011111010010
0100101100101101
1110010010100111
1011011001011100
0001100010011001
0011100010110110
0111111001111010
0101001000110110
0010000010010011
1001010011011111
0110100001101011
0000000001000111
0101011001011111
0010101100100001
1010100001111101
1000111100010110
0001010010111110
1010010111110011
1000001101011011
0111001110011110
0110100110111011
1100110111000100
0101100010011000
1000111010011011
1000111100000001
0011010010110100
0000010111111100
1100101101111011
1110000000011001
0100100101101001
1101111001011010
0001000001101010
1110101111100111
0111000011010111
1001110101001111
1111010101010011
0111001001011110
1101000111100011
0100101100010001
0000011000000101
1111000010110100
1110100110100010
0100100010010011
1011110100101100
1011111101001111
0010101011110011
0111000011010111
1001000101100111
0101001100110001
1011111001111111
0101010111001011
1110000100110111
0000000001001011
1000000100110000
0101110101101010
1000110010100010
1111111001000011
0111100010000100
0101011000101010
0011101011000111
1110100001001100
0100011101100000
1111011010010011
0110010011101110
0010111001101110
1010011101100100
1101100000010000
0001011010011010
1110001111110101
1100001110100010
1101001000010100
1100001101001011
0101100011100110
0000001111101110
1011011110100111
0010110110011101
0000010110101110
0111100101011101
0101000010101001
0011010011111010
0001001100010000
0101000110010000
1001110010011001
0000000000100001
1101001001111101
1001100111010100
0100001010111110
0111011001001000
1111111101010000
1101000101101011
1000010010101110
1100011100011001
1110110101110110
1010001111000110
1100011001001010
0110001101101010
0101011101001111
1000001011011101
1010110111010110
0111100011010111
1110110100110000
0011000101110111
0000100011000111
1100011100000110
0001001111111011
0001010001101100
1000011011001001
0001100101111101
0110100001100100
1111111111110110
0011000100100100
1100100000100000
0011000100001110
0011001011010001
1010011100000110
0110101101001011
1101010000100100
0101010000110110
0000110100101100
1111010101010011
0101111111010011
0100100101101110
0101010000001000
1110101001010010
1011110001101111
1010000110100100
1110001100111101
1000001111010110
1100110100010010
1110111101011011
1000000110100000
0010001011111010
1100010101111000
0001101010100011
0111001010110011
1010100101110001
1000011110100111
0110001000001110
0010011100110000
1100111110110100
1011010010111111
0011101100111100
0000011011011011
1100111110010111
1100010111100011
0100111110110110
1110010011010000
1011110010101001
0101111100001111
0111100101111100
1011010011110011
0000000100001001
1110011010010100
0101100101011010
0010010110100000
1001111010111001
1010101110111111
1110010101110110
0000010011010111
1100111001100111
1011000000001110
0000110111010010
0011100110010101
1000100011101001
0110100011000100
0011011100011111
1011100101111111
0010100000001010
0101010100010101
0110100101111100
0110100011011011
1110000111101101
0011001000000100
0011101010101101
0000001110010101
0110011010111001
0000001010000110
1100111000011110
1001001100110001
1110101111101110
0011101110100001
0010101011011111
0111011000000010
0110101111011111
0101010011101110
0110100101000000
1000011010110001
0100011000010110
1010111110111011
1110000000011011
1100011101110001
0100101011110001
0010011011111011
1110110001110110
1011010110000111
1100110110100011
1001010000101010
1101111100100010
0000100101100010
1110010100101100
1100101000101111
1100010100001011
0010100011000110
1011000000001101
0100111111101000
1101100010101001
0001111110100111
1100111011111100
0110001011001011
0001111101011001
0101110011001100
0001001000010110
1000111100010101
1111100001010111
0100100011010100
0111110011000011
0000101100110100
0010000001011000
0001011011100011
1101110011100110
0111000000000100
1010110010001010
1101101000101110
0011101000010000
1011011011101111
1010100001010110
0111001000111111
1111111111111111
110
1010011000
1010011000000
0100110100000010
0111000011110000
1000100001001010
1011000011100100
1111000010011010
0011011110111000
1101110010111110
1000011010101101
1000011101001101
0000010110000011
0001111101101011
0111101111011100
0010101000010110
1001101011010010
1111110011000110
0011100011011001
1010010010110010
1111110001001100
0010000101011110
1001110001001110
0110001011001010
1001011011010111
1000100010100000
0010101001011110
1011111011110010
0000111010101100
1100100011101111
0000010010011110
0111110000111110
1001101101000010
1101011010001110
1111101101100010
1001100010011010
0001111110101101
1100001000000110
1000010111000010
0000100111001110
0110110101011011
0011101101000011
1100011011011001
1100100100110110
1100110001101111
1000010101010011
1010000010000100
0100010011000011
0100100000000001
0000100111101001
1111110001111110
0100000010100101
1101110001110100
0111001010101010
0011010011110101
1001011011010101
1000010100110001
0010110110010100
1011101111011111
1000110000011100
1000101110111000
1101001001110000
1010110111101110
1110011111011000
0011010111110101
1100001010011001
0111000110000110
1011101111010011
1010010100101101
0010101110011111
1100111000111000
0110011001100111
1110011111000000
1000100111010110
1000101101100011
0100101100111010
1001001101000100
1011000001000100
0110011010010101
1100011001010100
0110011111111101
1000101100010001
0110010000100111
1101011000111100
0111010001100010
0000101010100101
0010110000010000
1110110010011111
1100101000110111
0110010000100111
1111111011101111
1000000011101111
0100101101111000
0110100001011011
0110011011011010
1101011111111111
0000111101001010
0111100010001011
1000101001111101
1101000000100100
1100100011110000
1100011001110011
1110101011000010
0001011010000001
0010100010011010
1100110111110110
1100001111001000
1110011111000000
1001010010100111
0111100110110101
1111011100000001
1111101100001011
0001001010001110
0011011111000010
1110110000111000
1000011000101011
0001111101010010
0111011001110000
1010000101111110
1011000001100110
0010101100001101
1100101111011011
0010000111001110
0100010011010110
1110000111000010
0111110010100110
1110010001001111
1101110001111101
1101101110011100
1000011000100100
0011100011001110
1010001110101111
0000010000011110
0100101101000001
1100110101001001
1001101100100000
0001000110010111
0001101010011111
0101011001100011
0100111111100101
0101001011001000
0111011001111000
1001001110111111
1010011111001000
1010100000010010
0000011100111000
0111110001100000
1011011001100000
1111110111111110
0001010010101100
1010001100011010
0001100101100000
1101110100010011
1001110110011000
1011000100111111
1000110001001001
1000111011101011
1100110100000000
0100000111111101
1010111100100101
1101010000110101
1011011001011111
1001101001100011
1000111010110010
0100011011001001
1000011111010111
0010101000111001
0111000010011100
0000010001011010
0100010111110111
1110110000101111
1010011100010101
0100101010110001
1000000000101101
1110111111000001
1101001100000111
1110101011010110
1011001011101001
1100101010111111
0111111010011010
0001100000001011
0000010101011001
1101111010000111
1111011000110001
0000110110101011
0000110000111110
0110101001101111
0100001010000001
1010000001101100
1101000010010100
0010000010101110
1000100010111111
0010110101100100
1110011100111100
0011111111111100
0000010101000011
1110001100110010
1101011111000100
1011101000000100
1110101010101111
1100100000010000
1111001010010011
0111011010001011
0101001011110011
0110010010001001
0000010001101100
1010001101101011
1110010000100010
1000011101100001
0111001110100000
1100000011101101
1100100000011001
0111000100111101
1111111000000000
0001011011000100
1010111001011010
1100001000000111
0100110111011111
1101001100110010
1110111000000001
0000001000010011
1110000110100101
0111010111011000
0010111000111100
1100011111011000
1101111100110000
0010101010000011
0111011111001111
1100111101010101
0010000100000111
1100010111001100
0010011101100001
1111100101101101
0000000101010100
1111001101110011
0001001010001100
0010011101110011
0100110000100000
0000000101110111
1101010101010100
1111110001111101
1100110001111010
0101001010101001
0110101010111110
0101110000111010
0100010101111110
1010111001100001
1000111100110001
1101010111011010
0011111010101100
0111000011010111
0100110111011010
0111011111011000
1001101001000111
0001111010000100
1100110101000101
0010100010001000
1000010000001100
0001000101000010
1010011101000001
1110100111001011
0011101001101000
0011001101011000
0101110101011000
1111101011100001
0110100010000101
1000110111101111
1101110110011111
0101100100001101
1101000000101010
1101100110010110
0110110110001011
0110001010111000
1001010110000011
0001110111001110
1001111100101000
1000000110100010
0110100100010010
0000101010001010
0100111110001010
0011111110100010
0111010100000101
0011110000100010
0100110010110001
0000000000001000
1000101100000111
1000101011111000
0110011101000101
0110100010011001
1111001000110100
0000010000011110
1101001011010011
0101010000100101
0010111001001111
1001001101110110
0000111111011011
1111001100100011
1100100001111101
0101011111000111
1111110001101011
1001101001011001
0111011000001101
1001100111001001
1100101010011000
0100110000010001
1101101110111100
1010110100011000
1000100011101010
1001110001011011
1011101011101111
0011000111001001
1110001001101001
0011010001010000
0101110111001001
0100100111110001
1100100010111001
1101011100111000
1101001000100100
0101000100111111
1010010011101111
0001001010000111
1000000010010001
0010001111111111
0010110110000010
1001010000001101
1001001011100000
0010001111111001
0000111010001010
1110110111111001
0000110000100111
1110100101100111
1001010001010101
0111011111101001
1111100001101011
1001000100100110
1010000000011001
1000010100101111
0101000011101110
1011100100010001
0111001010010001
0111101100110010
0000101111110101
0111001100010110
0110001000110010
1010111111110011
1010100100100011
1101100111100001
1110100011001011
1110010110010111
0110111001110100
0000101110100100
0100001110101110
1000100111110011
0111110001001010
0000010010111011
1000101111110101
0110110010001001
0000100001011010
1010011000000101
0001100101000000
1110001011001111
0101001110011011
1000000010000111
1000100101011000
0001101011110011
0100100011111010
1101000000100011
0101110010010111
1001000010101101
1101001011000010
0000101111010001
0001101101010110
1000011011010010
1111001011010000
0010000000101001
0000001010100011
1011010110010101
1110001011101011
1111010100110000
1110000000011010
0011000001110000
1101001110100011
0100001000001010
1001000101000001
1111000110010010
1010100111001110
0011100000010111
1101010100111110
0011001111011011
1001111100010101
1011011011010110
1101000100110010
0110101000000101
1111101001000100
1001010010111110
1000010110000110
0110111010111000
1111001100000001
1001000000000111
1000011101111001
1110111110111011
1101010110101101
0111100010101010
1001110110011000
1110000111101111
1111101111001010
0111101110101101
0110110011001110
1111010101111011
1011011100100010
0110100101011110
0111111001001000
0110111111010100
1000110111010010
1100110101110101
0101110010001110
1100110110110010
0011110000011000
1111111011000110
0111100101001110
0000101010000011
1011001010010001
0100000001000000
0101101010000010
1101010000111100
0010111100001111
1001010101100111
1101101000110101
0000110111010011
1111100101000110
1110100010101100
0100111101101001
0000001001011000
1001011111001011
0111011001001101
0100001010100010
1000010101111010
0111001101010111
0111010111000100
1111000101001101
0001011001101101
0110110001001101
0000001011010000
0110110000110100
0101000011011111
0000000000101001
0010101100000000
1111111101011100
1011000101000000
1000101110001110
1010101000010000
1000101110101111
1000101110000101
0001100001111110
1100100000010100
1110100011000001
1101001111111110
0101000011101110
1111001101110011
1101010000001110
1110011111000011
1010101011010111
1101000000001101
0111010100010110
0100101101111010
0011110011011111
0010000000011010
0011001000001110
1111111101110110
0110101011110001
1111000000001111
0000001110110010
1011010010011110
1011101010110010
0010001111000100
0011000101000001
0100100001100100
0001001000010010
1100101011010011
1111101101100011
0001010000110101
1110100011100101
0111110100101110
0010000101000110
1110100111000010
0011111100010110
0011101100110000
1100110000100100
0100011000101010
0100100011010011
0110111100011101
0100010100100101
0000001101110111
0110100111010000
1010000010100101
1100100111010101
1111110000001101
0001110111001000
1110101100001000
1000011010011010
1110111011010100
0011011000110111
1010001100011001
1010001000001010
1100100111001110
1101001110000111
0100101101010011
1001000011010001
0011101111100101
1110011101000100
1011000011011010
0100011101110100
1000111101001110
1001000010001110
1001101111010001
1111111111111111
111
1011011010
1010111100101
1110010110010100
1010010000011010
1111000010111111
1001010000000000
1000000100010101
0100001111101111
0100011101001101
0110110100101100
0001000110011110
0100001111110000
0010000111001001
0010011000011101
0011101010000010
0011110101100011
0100111100011000
1000011110010001
0100000101101100
0011101001010110
1011011110011101
1001011101010000
0111000110000011
0110000111010111
0100011111010101
1010111011110001
1110101101100101
0001111010110011
1001111111011101
1011010110000000
0000001001110000
1001011100001000
0000001100000100
0100111001001111
1111011000100101
0000011100001100
1001101010001011
1000001101000001
0011110011100100
0111010011101110
0100010110101100
0001000000110101
0100001110000001
0010001100001101
1001110110010011
1100110010001001
1101111101110011
0100101001001001
1010011111001101
1111101001101010
0100011000100011
1100101101111111
0010100011101011
1011001011000110
0111110011000000
1100010000011010
0000010010110011
1011001101010101
1011000110110001
1011011011000000
0111100101100000
0110100111111110
1000011110010010
1111010111110011
0011100110000000
0000100000111010
1110001111101110
1110100010000100
1001111011000110
1101001001011101
1100101000000010
0111101100000101
1000100111110100
0110010000110000
0000100111000001
0001101101011000
0100010010001110
1010010111001010
0110000110001111
1111011000111100
1010011001100001
0000101100110011
1100100001101000
0101010111000011
1010110101001110
1010011111001010
0101111011011101
0110010110010010
1101000101110000
0000010010110000
0101001010111100
1100011100010000
1110111110011000
0111001111010110
1011100111001111
1011011101100110
1010000100010100
1100101101000110
1001011110110011
1111000011011100
0101101010001110
0001010101000000
0010001111011010
0101011111101101
1001100111110110
0110100010110111
1000001100111101
0110111101011010
0010110111101100
1011100101101110
0000010010011110
1100100010100110
1010100100011001
1101000010100110
0110111010100101
1011110010111111
0101010101011010
1001110010100011
1101111011001110
0100011001011011
0011100011011111
1110111101001101
1001111110111010
1011000100001100
1110000011110101
1100111100000011
1001111100111101
1000100101001000
1001110000101011
0011101011000000
1011010010001101
1101010000011100
1110000100010000
0011000110010100
0001110101110110
1011011001010011
0011101101100011
0010111100110001
0111010110010000
0101000111101011
0111101100100101
1010010100001000
1011010111011110
1101001001110111
1001100110011111
1001100011010011
0111001110000011
0111001101100001
0010111101010000
1111111011110010
0011100010111110
0101111011111010
1111111110101010
0100001100000010
0010011010100001
0000010001100101
0000010000000111
0100110100011101
1101010001001110
0111110011010000
1100100010010100
1001111100000001
1011011101111111
1111000101010010
1010100011100100
0101000100111001
0110110000001001
0100011010110100
0001000000101101
0000011011000011
1110110011000000
1011110110100101
0111101111111000
0110001001110100
1111100101010010
0000011111110110
1101010110001000
0110011111111010
0010011000110010
1110101111101101
1100010110101000
1011011100011101
1111100010100110
0001001001110001
0000011001111101
1110000100010011
1010110110010001
0011100000111111
1010110110100011
1111110101100010
0011000001110100
1011111010010110
0010110101001101
1110010101000000
0000010010111101
0101010100001111
1100001111011011
0001110100100101
1110110001101110
1100110111010111
0011011100111001
1011111101000110
1100010001000001
1010001010111100
0110101100001000
0010111100110000
0011000111100010
0100100110100001
1101011111011101
0100000100101000
0011000011011000
1101010101011001
1010011001111111
1100100100000001
0001010001010001
0010011100111110
0101011111111110
1000100110100010
1100100011011000
1100010001110000
0101010011110001
0010010011000101
1010011011110001
1111010100011110
0000110110101011
1001100010001001
1001111100010000
0110110011011100
1101001101001111
1001000011101000
0010100101101110
0101010101111010
1100001001111010
0111100101010111
0101110101111000
1001010010101000
0110110001001110
0101100010011100
0001010011000101
1100110010110101
1110000001010100
1110010001111110
1101100101100110
0000110101110110
1101001100111010
1000110011011101
0011001000100100
0001001011010101
0100000111100011
0000111000111111
1000001101101101
1000011101101001
1100110001011001
0000010010001100
0011000000110110
1101100100000101
1001111111011000
0100101001111001
1101100101111000
0100000101100001
0000101110100111
0000111101001111
1001001000100110
1010110111001101
1000011111100101
0100101100100010
0110001101011101
0100101110010011
1101000010100110
0011100101111010
1010100101010110
1111111000001111
1100101001001101
0101110111100100
1001000000001110
0111010110001101
0100000000110100
1101101000101011
1111100111110000
1000101001101100
1110110100110001
0001111100011011
0000110101100000
0101111111111110
1110101000111101
0000111010000001
1110100001100110
0100110011001101
1110110000010001
1011001000111011
1110100110111011
1100001000011111
0101111010010101
1000111100101101
0100000100010011
0110101001010000
0001010100011101
1101110011111000
1111111001000001
0111111101001010
0111010101100011
1110110010110011
0101101110010110
1110101111100100
0110010101101010
0111011010011000
0010110000010110
1100011100100000
0010111111000010
0001011010100101
1000010000000110
1110101101111100
1001000101001000
0000001101110100
1000010010000110
1000110001101101
0111011100000100
0111011100110110
1111100110100111
1100010011010000
1001110101011000
0110110101011001
1011001001010101
1110001001011010
1101100001011111
1010111111100100
1001011000001001
0010011000011001
1001100101100000
0001000001000010
0101111110101011
1100110110010101
0110011101100101
0110110010110001
0001011000010000
1001001010110101
1100001001000101
1001101010001101
0001010011000011
0111010111010110
1010111000110010
0101100000110101
0011100100011001
1000101010111000
1010010001111101
0010001010010000
0010011001010111
0101011110011101
0000001111111010
1100101101110110
1111110001100010
1010110100111111
0010011000010100
1010110001101100
0011110010000101
1000001011011101
1100101010010011
0111011010010011
0101100001101110
1011101011011001
0101001010011111
1111111011111100
0111001000010101
0001001000100110
1011001010000011
0011110001101100
1000101110111111
1100110010111110
1011111100100101
0001111111010010
1010010001010010
0010101100000101
1110000111110011
1010101110011110
1001100111011101
1010100111011110
1000011101100110
0111101101111010
0011110100000010
1111001001100001
0101100001111000
0110000011001110
1010111101010110
0000100011011101
1011001111111110
1100110010111000
1011000110000100
1111100111100001
1111101100010000
0110111100111111
0110001111110101
0111100100100110
0101010000011011
0110010010010100
1100101100111001
1101001100011110
0100110100001101
1011110111100101
1101010111011000
0110111011110100
0110101000010110
1001100100111100
0001010111010111
1000000010010111
1101100000100011
1001100011101001
0110111100110110
0111000100101001
1000010010000000
0111101001100011
0110110000001101
1100011100011000
1001001100010010
0010000100011110
1111010100000011
0010111011000001
1100101001010000
0100011111001110
0111100110101110
1001010110001000
0100101011111001
0100010001011101
0110001110110000
0000101001001010
1100001110011010
0011000111011100
1111000000111010
0000110010100010
0010101011101110
0010001001011100
1101110100010111
1100001111010001
1000001011100100
1010000010110110
1100111100100111
1010010001100111
1010101110111010
0100100001011001
1110110111011111
1101110000010101
0011010111000010
0110111100101011
0101011000001110
1110011111111001
1110011001110010
0011001111010111
0111001111100000
0111000010001000
0001001100000110
1000101110011110
0011011011100110
0001000001100111
0101000111000010
0010000000100001
1100010110010111
1110101010011011
0001011011111101
0100011110110111
1110000100010000
0101001001011011
0110000011011000
1101011100101110
1010000000101010
1110111111011100
0110110101101111
1001111001101101
0011010000001111
0101000000100010
1100000001111011
0111110001011111
0101111111111001
1000111100101000
1100000000100110
1100111001011001
0100110010101000
0000101010110100
0111100100111100
1110010111000000
1011101011010000
0010001101000001
0010000011111011
1000101110010010
0100110100001101
0100100110000000
1111011111111111
1000100111101000
0000110110001000
0110100100010100
0000100111000111
1101001101100101
0110100100100111
1011111111000001
0000100011011000
0111011100100100
0101110011011001
0010111011101011
0110110101111101
1101000000011001
1011110100011101
0010101011011101
1000010001000000
0101111110111011
0111101001110111
0100110110011101
1011111001110001
1100101111110111
0101011011011100
1111010110110100
0010000001001001
1010110110011101
1100100101111100
1000101110101000
1100100011011011
1111001100111111
1111111111111111
